Block (0, 0, 0, 0): access_freq=[35, 54, 44, 50, 40, 73, 18, 76], avg_scores=[0.61, 0.65, 0.68, 0.24, 1.1, 0.18, 0.57, 0.87], var_scores=[2.56, 1.39, 2.12, 1.57, 1.47, 2.05, 1.29, 2.63]
Block (0, 0, 0, 1): access_freq=[92, 62, 32, 48, 22, 25, 34, 75], avg_scores=[0.61, 0.43, -0.01, -0.19, -0.06, 0.1, 0.45, 0.73], var_scores=[1.21, 1.97, 1.42, 2.11, 2.68, 2.35, 2.09, 2.26]
Block (0, 0, 1, 2): access_freq=[58, 90, 50, 50, 24, 30, 31, 57], avg_scores=[-0.3, 1.53, 0.74, 0.74, 0.97, 1.34, 2.2, 1.53], var_scores=[2.24, 2.82, 1.4, 4.01, 5.81, 3.69, 3.47, 6.77]
Block (0, 0, 1, 3): access_freq=[66, 100, 36, 34, 22, 22, 38, 72], avg_scores=[0.72, 1.95, 1.09, 0.49, 0.6, 0.69, 2.65, 2.89], var_scores=[1.25, 1.69, 1.65, 1.77, 4.12, 5.56, 2.9, 6.02]
Block (0, 0, 2, 4): access_freq=[34, 90, 34, 34, 46, 69, 31, 52], avg_scores=[0.88, 2.0, 1.1, 0.86, 1.09, 1.95, 0.62, 1.51], var_scores=[2.03, 1.64, 1.16, 1.5, 1.63, 1.81, 2.14, 2.14]
Block (0, 0, 2, 5): access_freq=[68, 48, 88, 45, 27, 32, 17, 65], avg_scores=[0.81, 1.37, 0.37, 0.17, 1.05, 0.64, 0.5, 0.94], var_scores=[2.37, 1.63, 1.41, 1.14, 2.05, 2.23, 1.54, 2.23]
Block (0, 0, 3, 6): access_freq=[97, 51, 41, 65, 29, 21, 41, 45], avg_scores=[0.27, 0.28, 1.05, -0.32, 0.08, 0.7, 0.21, 0.67], var_scores=[1.91, 2.93, 2.47, 2.18, 2.81, 3.23, 2.92, 2.79]
Block (0, 0, 3, 7): access_freq=[82, 80, 32, 42, 29, 31, 46, 48], avg_scores=[0.99, 0.54, 0.78, -0.26, 0.57, 0.4, 1.15, 3.1], var_scores=[3.44, 2.18, 1.87, 1.61, 3.81, 4.1, 4.69, 3.43]
Block (0, 0, 4, 8): access_freq=[91, 100, 52, 10, 21, 21, 32, 63], avg_scores=[5.98, 5.46, 4.07, -0.03, 0.48, 1.55, 1.6, 1.42], var_scores=[3.17, 2.75, 8.0, 6.83, 4.34, 7.01, 6.46, 4.33]
Block (0, 0, 4, 9): access_freq=[85, 83, 20, 12, 34, 43, 47, 66], avg_scores=[5.13, 4.86, 2.46, 0.85, 0.66, 2.7, 2.06, 0.61], var_scores=[2.75, 4.74, 4.86, 6.18, 4.09, 4.94, 6.41, 2.14]
Block (0, 0, 5, 10): access_freq=[86, 107, 25, 23, 33, 33, 17, 66], avg_scores=[0.67, 0.57, 0.77, 0.49, -0.0, 0.76, 0.85, 0.66], var_scores=[2.1, 2.62, 2.65, 3.06, 1.04, 2.06, 1.44, 2.78]
Block (0, 0, 5, 11): access_freq=[32, 37, 88, 54, 34, 58, 22, 65], avg_scores=[1.09, 1.64, 1.82, 1.39, 0.81, 1.11, 0.53, 1.33], var_scores=[3.68, 3.39, 1.62, 2.03, 2.1, 0.82, 3.11, 2.59]
Block (0, 0, 6, 12): access_freq=[52, 89, 34, 23, 52, 28, 48, 64], avg_scores=[1.59, 2.11, 1.91, 0.84, 1.28, 1.02, 0.94, 1.61], var_scores=[1.88, 1.33, 1.67, 1.47, 2.65, 1.97, 1.73, 1.89]
Block (0, 0, 6, 13): access_freq=[64, 32, 45, 78, 26, 53, 28, 64], avg_scores=[0.88, 0.74, 1.03, 1.12, 0.75, 0.91, 1.05, 1.11], var_scores=[1.27, 1.03, 0.79, 2.1, 1.88, 1.35, 1.16, 1.8]
Block (0, 0, 7, 14): access_freq=[39, 62, 53, 23, 55, 53, 36, 69], avg_scores=[0.59, 0.15, 0.93, 1.19, 0.55, -0.18, 0.26, 1.18], var_scores=[1.57, 1.48, 1.54, 2.62, 1.8, 1.77, 2.49, 2.59]
Block (0, 0, 7, 15): access_freq=[18, 37, 26, 33, 57, 87, 77, 55], avg_scores=[0.3, -0.14, 1.18, 1.54, 1.06, -0.02, -0.09, 0.73], var_scores=[4.84, 4.27, 5.06, 2.3, 2.85, 1.58, 1.45, 6.54]
Block (0, 1, 0, 0): access_freq=[56, 42, 55, 42, 43, 45, 59, 48], avg_scores=[0.5, 0.56, 0.49, 0.53, 0.63, 0.6, 0.59, 0.77], var_scores=[0.45, 0.45, 0.31, 0.34, 0.22, 0.4, 0.45, 0.43]
Block (0, 1, 0, 1): access_freq=[57, 74, 52, 42, 46, 39, 47, 33], avg_scores=[0.79, 0.98, 0.66, 0.64, 0.85, 0.79, 0.73, 1.03], var_scores=[0.61, 0.59, 0.49, 0.3, 0.46, 0.51, 0.31, 0.52]
Block (0, 1, 1, 2): access_freq=[50, 61, 47, 40, 50, 51, 43, 48], avg_scores=[0.26, 1.15, 0.87, 0.74, 0.86, 0.85, 0.61, 0.79], var_scores=[0.6, 1.51, 1.22, 0.57, 0.93, 0.87, 0.97, 0.96]
Block (0, 1, 1, 3): access_freq=[43, 66, 49, 39, 35, 67, 52, 39], avg_scores=[0.7, 0.93, 0.79, 0.95, 0.97, 1.0, 0.99, 0.96], var_scores=[0.44, 0.42, 0.41, 0.44, 0.48, 0.51, 0.59, 0.66]
Block (0, 1, 2, 4): access_freq=[36, 35, 67, 44, 39, 42, 65, 62], avg_scores=[1.17, 1.07, 0.97, 0.88, 1.21, 1.0, 0.88, 0.82], var_scores=[0.88, 0.43, 0.4, 0.39, 0.54, 0.39, 0.48, 0.4]
Block (0, 1, 2, 5): access_freq=[60, 51, 53, 46, 48, 25, 53, 54], avg_scores=[1.25, 1.36, 1.8, 1.2, 0.94, 1.04, 1.41, 1.2], var_scores=[0.5, 0.54, 0.73, 0.64, 0.49, 0.4, 0.64, 0.57]
Block (0, 1, 3, 6): access_freq=[43, 31, 37, 51, 52, 76, 49, 51], avg_scores=[1.35, 0.77, 0.45, 0.82, 1.21, 1.28, 0.79, 0.51], var_scores=[0.7, 1.67, 0.96, 1.18, 1.15, 0.9, 0.91, 0.94]
Block (0, 1, 3, 7): access_freq=[55, 44, 57, 47, 35, 34, 56, 62], avg_scores=[1.06, 1.28, 1.21, 0.61, 1.11, 0.93, 1.01, 0.87], var_scores=[0.63, 0.62, 0.68, 0.65, 0.76, 0.87, 0.66, 0.84]
Block (0, 1, 4, 8): access_freq=[71, 69, 23, 34, 54, 39, 43, 57], avg_scores=[0.98, 1.02, 1.25, 1.07, 0.61, 0.74, 1.04, 0.97], var_scores=[0.81, 0.78, 0.43, 0.59, 0.6, 0.57, 0.47, 0.56]
Block (0, 1, 4, 9): access_freq=[58, 56, 26, 55, 46, 49, 44, 56], avg_scores=[0.93, 1.25, 0.75, 1.04, 0.92, 0.89, 1.28, 0.77], var_scores=[0.52, 0.6, 0.35, 0.5, 0.58, 0.31, 0.84, 0.57]
Block (0, 1, 5, 10): access_freq=[45, 53, 51, 35, 50, 29, 49, 78], avg_scores=[0.68, 1.03, 1.22, 0.93, 1.08, 0.87, 1.05, 1.32], var_scores=[0.57, 1.18, 1.01, 1.03, 0.9, 0.81, 0.65, 1.12]
Block (0, 1, 5, 11): access_freq=[72, 47, 33, 31, 30, 40, 68, 69], avg_scores=[0.84, 0.87, 0.82, 0.83, 1.0, 0.55, 0.6, 1.09], var_scores=[0.66, 0.57, 0.6, 0.53, 0.53, 0.64, 0.68, 0.59]
Block (0, 1, 6, 12): access_freq=[69, 46, 21, 49, 42, 38, 69, 56], avg_scores=[0.84, 1.2, 0.71, 0.84, 0.86, 0.73, 1.12, 0.95], var_scores=[0.92, 0.61, 0.75, 0.72, 0.72, 0.89, 0.84, 0.65]
Block (0, 1, 6, 13): access_freq=[77, 36, 45, 56, 34, 40, 59, 43], avg_scores=[1.2, 1.32, 1.0, 1.05, 1.24, 0.97, 1.14, 0.92], var_scores=[0.59, 0.56, 0.46, 0.43, 0.4, 0.38, 0.55, 0.48]
Block (0, 1, 7, 14): access_freq=[49, 36, 55, 44, 50, 54, 61, 41], avg_scores=[1.04, 1.02, 1.05, 0.96, 1.3, 1.07, 0.94, 1.07], var_scores=[0.7, 0.39, 0.51, 0.57, 0.68, 0.44, 0.48, 0.54]
Block (0, 1, 7, 15): access_freq=[64, 42, 41, 52, 37, 41, 56, 57], avg_scores=[0.73, 0.89, 0.95, 0.76, 0.8, 0.85, 0.81, 1.09], var_scores=[0.43, 0.36, 0.64, 0.67, 0.56, 0.48, 0.57, 0.59]
Block (0, 2, 0, 0): access_freq=[49, 42, 33, 47, 47, 57, 56, 59], avg_scores=[0.83, 0.55, 1.08, 0.7, 0.53, 0.93, 1.14, 1.15], var_scores=[0.82, 1.01, 0.72, 0.87, 0.97, 1.31, 0.75, 0.89]
Block (0, 2, 0, 1): access_freq=[38, 59, 53, 53, 47, 42, 41, 57], avg_scores=[1.44, 1.25, 1.08, 1.27, 1.13, 1.16, 1.01, 1.25], var_scores=[0.75, 1.01, 0.54, 0.57, 0.39, 1.16, 1.03, 0.76]
Block (0, 2, 1, 2): access_freq=[77, 56, 36, 41, 39, 49, 48, 44], avg_scores=[1.29, 1.24, 1.51, 1.25, 1.07, 1.26, 1.03, 1.08], var_scores=[0.72, 0.74, 0.71, 0.79, 0.54, 0.31, 0.76, 0.38]
Block (0, 2, 1, 3): access_freq=[49, 36, 40, 46, 69, 60, 39, 51], avg_scores=[1.11, 1.08, 0.77, 0.97, 1.11, 1.2, 1.07, 1.0], var_scores=[0.51, 0.51, 0.56, 0.46, 0.38, 0.33, 0.5, 0.4]
Block (0, 2, 2, 4): access_freq=[93, 32, 32, 47, 49, 59, 44, 34], avg_scores=[1.23, 1.07, 0.56, 1.01, 1.45, 1.05, 1.34, 1.17], var_scores=[0.78, 0.44, 0.67, 0.72, 0.95, 0.35, 0.68, 0.62]
Block (0, 2, 2, 5): access_freq=[73, 26, 33, 52, 63, 53, 37, 53], avg_scores=[0.83, 1.34, 0.24, 0.51, 1.1, 0.82, 1.34, 1.29], var_scores=[0.84, 0.78, 0.93, 1.09, 0.76, 0.88, 0.85, 0.79]
Block (0, 2, 3, 6): access_freq=[76, 50, 49, 42, 51, 34, 42, 46], avg_scores=[0.74, 0.39, 0.53, 0.97, 0.85, 0.75, 0.68, 0.61], var_scores=[0.64, 0.39, 0.79, 0.71, 1.09, 0.8, 0.72, 0.91]
Block (0, 2, 3, 7): access_freq=[89, 61, 62, 28, 34, 34, 35, 47], avg_scores=[0.58, 0.63, 0.79, 0.43, 0.54, 0.63, 0.37, 0.6], var_scores=[0.81, 0.78, 0.39, 0.88, 0.86, 0.7, 0.7, 0.63]
Block (0, 2, 4, 8): access_freq=[85, 70, 43, 27, 36, 63, 30, 36], avg_scores=[0.79, 0.87, 1.1, 1.08, 1.39, 1.05, 0.88, 0.94], var_scores=[1.05, 1.07, 0.86, 1.11, 1.07, 0.69, 0.96, 0.45]
Block (0, 2, 4, 9): access_freq=[75, 42, 47, 52, 49, 37, 22, 66], avg_scores=[1.61, 1.51, 1.27, 1.27, 1.6, 1.65, 0.89, 1.53], var_scores=[1.14, 0.69, 0.48, 0.84, 1.08, 1.13, 0.5, 1.05]
Block (0, 2, 5, 10): access_freq=[53, 50, 38, 50, 42, 56, 58, 43], avg_scores=[0.47, 0.56, 0.23, 0.68, 0.93, 0.7, 0.58, 0.22], var_scores=[1.01, 1.08, 0.88, 0.7, 0.67, 1.12, 0.8, 0.89]
Block (0, 2, 5, 11): access_freq=[39, 69, 50, 49, 36, 47, 33, 67], avg_scores=[0.52, 0.77, 0.79, 0.54, 0.91, 0.96, 0.57, 0.55], var_scores=[0.93, 1.24, 1.28, 1.3, 1.81, 1.33, 0.65, 1.03]
Block (0, 2, 6, 12): access_freq=[43, 58, 39, 49, 41, 48, 54, 58], avg_scores=[0.95, 1.26, 0.75, 0.82, 0.81, 0.8, 0.91, 0.67], var_scores=[0.57, 0.74, 0.7, 0.77, 0.53, 0.79, 0.74, 0.83]
Block (0, 2, 6, 13): access_freq=[50, 57, 39, 42, 51, 57, 47, 47], avg_scores=[0.42, 0.97, 0.57, 0.92, 1.15, 0.84, 0.6, 0.34], var_scores=[0.87, 1.0, 0.96, 0.66, 0.6, 0.62, 0.71, 0.66]
Block (0, 2, 7, 14): access_freq=[69, 51, 52, 48, 28, 43, 34, 65], avg_scores=[1.19, 0.95, 0.72, 0.71, 0.72, 0.77, 1.12, 1.01], var_scores=[0.76, 1.36, 0.74, 0.75, 0.58, 0.68, 0.94, 0.75]
Block (0, 2, 7, 15): access_freq=[56, 52, 32, 44, 47, 50, 53, 56], avg_scores=[1.15, 0.85, 1.02, 0.85, 1.29, 1.26, 1.24, 1.14], var_scores=[0.55, 0.61, 0.65, 0.54, 1.05, 0.68, 1.0, 0.6]
Block (0, 3, 0, 0): access_freq=[64, 50, 55, 39, 35, 67, 45, 35], avg_scores=[1.0, 0.45, 0.58, 0.41, 1.49, 0.81, 1.19, 0.48], var_scores=[1.14, 1.22, 1.21, 1.17, 1.03, 1.2, 1.4, 1.94]
Block (0, 3, 0, 1): access_freq=[74, 30, 43, 43, 31, 40, 55, 74], avg_scores=[0.41, 0.39, 0.09, 0.28, 0.7, 0.25, 0.16, 0.19], var_scores=[1.43, 1.1, 1.17, 1.12, 0.9, 0.98, 1.22, 0.95]
Block (0, 3, 1, 2): access_freq=[48, 57, 46, 55, 44, 44, 50, 46], avg_scores=[0.74, 0.96, 0.76, 0.86, 1.12, 1.08, 1.1, 1.08], var_scores=[0.55, 0.7, 0.56, 0.52, 0.74, 0.75, 0.69, 0.71]
Block (0, 3, 1, 3): access_freq=[31, 60, 43, 51, 49, 48, 52, 56], avg_scores=[0.52, 1.22, 0.72, 0.65, 0.94, 0.72, 0.64, 0.86], var_scores=[1.0, 0.83, 0.77, 0.97, 0.84, 1.15, 0.48, 0.55]
Block (0, 3, 2, 4): access_freq=[61, 51, 41, 46, 68, 44, 34, 45], avg_scores=[0.95, 0.94, 0.8, 0.55, 0.86, 1.08, 0.94, 1.07], var_scores=[0.72, 0.8, 0.83, 0.9, 1.16, 0.97, 0.95, 0.66]
Block (0, 3, 2, 5): access_freq=[33, 50, 20, 32, 74, 77, 52, 52], avg_scores=[0.5, 0.27, 0.7, -0.22, 1.07, 0.97, 1.05, 0.45], var_scores=[1.04, 1.63, 1.36, 0.75, 0.78, 1.13, 0.95, 1.33]
Block (0, 3, 3, 6): access_freq=[30, 41, 32, 47, 47, 101, 57, 35], avg_scores=[1.3, 1.5, 0.73, 0.32, 0.66, 1.04, 0.53, 0.91], var_scores=[0.81, 0.87, 1.0, 1.06, 1.12, 0.94, 1.31, 0.9]
Block (0, 3, 3, 7): access_freq=[32, 36, 41, 61, 59, 68, 42, 51], avg_scores=[0.37, 0.85, 0.59, 0.5, 0.84, 0.97, 1.02, 0.54], var_scores=[0.73, 1.03, 1.07, 0.77, 0.64, 0.87, 1.03, 0.94]
Block (0, 3, 4, 8): access_freq=[66, 89, 50, 31, 20, 37, 36, 61], avg_scores=[1.69, 1.51, 1.35, 1.43, 1.52, 1.61, 1.26, 1.13], var_scores=[1.51, 1.54, 1.15, 0.71, 1.03, 0.44, 0.64, 1.37]
Block (0, 3, 4, 9): access_freq=[48, 86, 64, 46, 31, 34, 29, 52], avg_scores=[1.56, 1.35, 1.33, 1.42, 1.31, 0.94, 0.82, 1.05], var_scores=[0.92, 1.03, 1.19, 0.74, 0.71, 0.84, 0.54, 0.75]
Block (0, 3, 5, 10): access_freq=[45, 69, 24, 41, 43, 37, 77, 54], avg_scores=[0.62, 0.72, 0.58, 0.57, 0.88, 0.6, 0.55, 0.41], var_scores=[0.61, 1.06, 1.24, 1.12, 1.21, 1.34, 1.53, 1.08]
Block (0, 3, 5, 11): access_freq=[59, 59, 42, 31, 31, 68, 55, 45], avg_scores=[-0.02, 0.45, 0.83, 0.32, 0.46, 0.19, 0.67, 0.76], var_scores=[1.2, 1.34, 1.07, 1.32, 1.78, 1.43, 1.83, 1.51]
Block (0, 3, 6, 12): access_freq=[54, 62, 31, 41, 39, 47, 47, 69], avg_scores=[1.11, 1.65, 1.1, 1.18, 1.24, 1.24, 0.94, 1.73], var_scores=[1.09, 0.82, 1.0, 0.85, 0.59, 0.61, 0.72, 1.11]
Block (0, 3, 6, 13): access_freq=[91, 58, 38, 41, 32, 37, 29, 64], avg_scores=[0.94, 0.69, 0.55, 0.88, 0.9, 0.86, 0.96, 1.14], var_scores=[0.8, 0.95, 0.74, 0.92, 0.42, 1.16, 1.24, 0.75]
Block (0, 3, 7, 14): access_freq=[72, 48, 42, 36, 30, 58, 45, 59], avg_scores=[0.84, 1.11, 0.72, 0.81, 1.13, 1.07, 0.72, 0.67], var_scores=[0.77, 0.74, 0.65, 0.48, 0.7, 0.86, 0.83, 0.79]
Block (0, 3, 7, 15): access_freq=[65, 46, 42, 51, 38, 49, 66, 33], avg_scores=[0.77, 0.72, 0.59, 0.73, 0.61, 0.56, 0.79, 0.71], var_scores=[0.45, 0.52, 0.57, 0.44, 0.49, 0.58, 0.62, 0.74]
Block (0, 4, 0, 0): access_freq=[69, 71, 19, 52, 35, 57, 54, 33], avg_scores=[0.91, 0.87, 0.71, 0.59, 0.97, 0.82, 0.89, 0.94], var_scores=[0.7, 0.68, 0.99, 0.77, 1.0, 0.7, 0.83, 1.14]
Block (0, 4, 0, 1): access_freq=[45, 55, 49, 58, 64, 60, 26, 33], avg_scores=[0.48, 0.58, 0.78, 0.71, 0.64, 0.77, 0.57, 0.56], var_scores=[0.49, 0.68, 0.76, 1.06, 0.64, 0.54, 0.82, 0.65]
Block (0, 4, 1, 2): access_freq=[50, 64, 38, 39, 48, 67, 43, 41], avg_scores=[0.17, 0.13, 0.16, 0.57, 0.93, 0.93, 0.66, 0.71], var_scores=[0.78, 1.06, 1.56, 0.83, 1.46, 0.97, 1.1, 1.67]
Block (0, 4, 1, 3): access_freq=[52, 55, 33, 59, 39, 54, 47, 51], avg_scores=[-0.16, -0.11, -0.21, -0.48, 0.32, -0.34, -0.07, -0.07], var_scores=[1.15, 1.92, 1.08, 1.23, 1.29, 1.13, 1.31, 1.8]
Block (0, 4, 2, 4): access_freq=[75, 46, 48, 42, 28, 42, 52, 57], avg_scores=[0.53, 0.46, 0.24, 0.5, 0.87, 0.37, 0.78, 0.63], var_scores=[0.59, 0.55, 0.6, 0.55, 0.38, 0.36, 0.44, 0.55]
Block (0, 4, 2, 5): access_freq=[77, 77, 52, 29, 34, 39, 51, 31], avg_scores=[0.53, 0.97, 0.51, 0.27, 0.69, 0.44, 0.69, 0.31], var_scores=[0.91, 0.98, 0.67, 0.99, 1.09, 0.77, 0.88, 0.43]
Block (0, 4, 3, 6): access_freq=[54, 60, 34, 30, 47, 90, 29, 46], avg_scores=[0.8, 1.08, 0.68, 0.89, 0.42, 0.77, 0.34, 0.73], var_scores=[0.79, 0.99, 0.56, 0.57, 0.81, 0.65, 0.63, 0.79]
Block (0, 4, 3, 7): access_freq=[70, 68, 26, 29, 20, 59, 77, 41], avg_scores=[0.19, 0.68, 0.54, 0.79, 0.25, 0.74, 0.42, 0.45], var_scores=[0.63, 0.77, 1.01, 0.67, 1.12, 0.59, 0.78, 1.1]
Block (0, 4, 4, 8): access_freq=[58, 36, 48, 37, 36, 55, 67, 53], avg_scores=[0.65, 0.64, 0.84, 0.95, 0.76, 0.68, 0.47, 0.53], var_scores=[0.54, 0.68, 0.7, 0.84, 0.56, 0.69, 0.75, 0.74]
Block (0, 4, 4, 9): access_freq=[65, 22, 66, 47, 39, 82, 26, 43], avg_scores=[0.67, 0.66, 1.01, 0.71, 0.8, 1.2, 0.75, 0.6], var_scores=[0.55, 0.35, 0.75, 0.94, 0.52, 0.72, 1.11, 0.61]
Block (0, 4, 5, 10): access_freq=[57, 25, 49, 31, 59, 49, 59, 61], avg_scores=[0.28, 0.7, 0.36, 0.24, 0.32, 0.4, -0.09, 0.68], var_scores=[1.16, 0.9, 0.65, 0.91, 1.02, 0.71, 1.01, 1.18]
Block (0, 4, 5, 11): access_freq=[51, 41, 51, 28, 35, 69, 47, 68], avg_scores=[0.36, 0.74, 0.51, 0.46, 0.56, 0.03, 0.17, 0.7], var_scores=[0.93, 1.81, 0.9, 1.59, 1.16, 0.85, 1.13, 0.85]
Block (0, 4, 6, 12): access_freq=[79, 56, 50, 36, 60, 52, 24, 33], avg_scores=[0.32, 0.59, 0.03, 0.01, 0.34, 0.42, 1.03, 0.96], var_scores=[0.88, 1.65, 0.97, 0.78, 1.25, 1.07, 0.8, 1.14]
Block (0, 4, 6, 13): access_freq=[58, 54, 59, 68, 32, 31, 52, 36], avg_scores=[0.09, 0.16, 0.4, 0.62, 0.46, 0.09, 0.49, 0.63], var_scores=[0.57, 0.76, 0.77, 0.73, 0.52, 0.62, 0.68, 0.78]
Block (0, 4, 7, 14): access_freq=[65, 36, 38, 36, 35, 68, 46, 66], avg_scores=[-0.17, -0.37, -0.63, -0.71, -0.49, -0.5, 0.14, -0.07], var_scores=[1.2, 0.89, 0.97, 1.48, 1.29, 1.23, 1.49, 1.51]
Block (0, 4, 7, 15): access_freq=[43, 33, 28, 37, 68, 81, 42, 58], avg_scores=[-0.41, -0.15, -0.04, -0.11, 0.21, 0.34, -0.0, -0.49], var_scores=[1.48, 1.08, 2.23, 2.52, 1.78, 2.48, 2.14, 1.36]
Block (0, 5, 0, 0): access_freq=[46, 39, 57, 30, 49, 55, 54, 60], avg_scores=[1.62, 0.02, -0.19, -0.04, -0.09, -0.61, 0.59, 0.86], var_scores=[4.17, 1.89, 1.29, 1.78, 1.99, 1.28, 4.74, 3.13]
Block (0, 5, 0, 1): access_freq=[76, 55, 18, 30, 56, 49, 46, 60], avg_scores=[1.49, 0.37, 1.34, 1.1, 0.17, 1.32, 1.76, 1.53], var_scores=[1.37, 1.95, 0.34, 1.74, 1.47, 1.26, 1.92, 2.22]
Block (0, 5, 1, 2): access_freq=[83, 70, 28, 46, 19, 38, 50, 56], avg_scores=[1.13, 0.88, 0.87, 0.64, 0.42, 1.11, 1.05, 1.16], var_scores=[2.34, 1.53, 1.1, 1.52, 1.13, 1.73, 1.67, 1.59]
Block (0, 5, 1, 3): access_freq=[72, 61, 58, 66, 23, 24, 42, 44], avg_scores=[0.33, 1.01, -0.16, -0.02, 0.8, 0.52, 0.79, 0.79], var_scores=[1.32, 1.91, 1.15, 1.27, 1.19, 1.23, 1.62, 1.98]
Block (0, 5, 2, 4): access_freq=[36, 40, 43, 32, 56, 86, 53, 44], avg_scores=[0.76, 0.47, 0.49, 0.83, 0.59, 0.72, 0.71, 0.29], var_scores=[0.42, 0.58, 0.43, 0.64, 0.42, 0.67, 0.6, 0.65]
Block (0, 5, 2, 5): access_freq=[31, 25, 26, 41, 36, 97, 57, 77], avg_scores=[0.52, 0.74, 0.55, 0.71, 1.02, 1.31, 1.36, 0.94], var_scores=[0.46, 0.79, 0.46, 0.8, 0.71, 0.44, 0.53, 0.53]
Block (0, 5, 3, 6): access_freq=[35, 37, 46, 40, 53, 52, 63, 64], avg_scores=[0.08, 0.1, 0.6, 0.35, 0.96, 0.47, 0.32, 0.21], var_scores=[1.2, 1.5, 0.95, 0.54, 2.18, 1.93, 1.81, 1.23]
Block (0, 5, 3, 7): access_freq=[33, 22, 38, 45, 60, 74, 73, 45], avg_scores=[-0.93, -0.73, 2.21, 0.76, 0.18, -0.6, -0.48, 0.66], var_scores=[1.44, 0.72, 1.17, 2.8, 2.52, 1.19, 1.53, 2.85]
Block (0, 5, 4, 8): access_freq=[42, 23, 28, 19, 55, 76, 71, 76], avg_scores=[1.62, 1.67, 1.1, 0.97, 2.58, 1.86, 1.69, 1.51], var_scores=[1.49, 0.52, 0.87, 0.59, 2.02, 1.95, 1.5, 1.19]
Block (0, 5, 4, 9): access_freq=[22, 22, 42, 28, 67, 51, 99, 59], avg_scores=[1.24, 1.61, 1.41, 1.12, 1.92, 1.04, 1.52, 1.15], var_scores=[1.51, 1.85, 1.45, 0.94, 2.86, 0.91, 1.54, 1.01]
Block (0, 5, 5, 10): access_freq=[25, 30, 44, 17, 41, 62, 81, 90], avg_scores=[-0.17, 0.28, 0.4, 1.03, -0.15, -0.41, 0.75, 0.08], var_scores=[1.19, 1.37, 2.3, 2.67, 1.14, 1.46, 2.39, 1.89]
Block (0, 5, 5, 11): access_freq=[57, 51, 48, 30, 29, 37, 66, 72], avg_scores=[-0.78, -0.32, -0.11, 0.21, 0.37, 0.02, 0.03, -0.22], var_scores=[1.91, 0.85, 1.68, 1.98, 2.71, 2.0, 2.11, 1.76]
Block (0, 5, 6, 12): access_freq=[43, 12, 14, 29, 48, 84, 44, 116], avg_scores=[0.0, 0.46, 0.36, 0.95, 0.21, 0.1, 0.06, 0.38], var_scores=[0.76, 0.81, 0.95, 0.99, 0.97, 0.88, 1.6, 0.85]
Block (0, 5, 6, 13): access_freq=[27, 19, 70, 36, 52, 69, 47, 70], avg_scores=[0.23, 0.04, -0.02, 0.24, 0.09, -0.14, 0.35, -0.18], var_scores=[1.31, 0.73, 1.04, 0.71, 1.34, 0.76, 1.65, 0.75]
Block (0, 5, 7, 14): access_freq=[47, 56, 31, 38, 55, 48, 29, 86], avg_scores=[1.62, 1.05, 1.3, 1.95, 1.53, 1.64, 1.48, 1.63], var_scores=[1.52, 1.52, 1.22, 1.06, 0.79, 1.31, 1.49, 1.51]
Block (0, 5, 7, 15): access_freq=[54, 63, 37, 22, 43, 45, 50, 76], avg_scores=[1.24, 1.41, 1.33, 1.48, 1.94, 1.75, 1.6, 1.53], var_scores=[1.32, 0.98, 1.24, 0.68, 0.95, 0.89, 0.94, 1.1]
Block (0, 6, 0, 0): access_freq=[33, 25, 25, 27, 35, 71, 74, 100], avg_scores=[1.71, 1.65, 0.95, 0.91, 2.27, 2.98, 2.35, 1.97], var_scores=[2.0, 1.0, 1.36, 1.41, 2.59, 1.94, 2.13, 2.48]
Block (0, 6, 0, 1): access_freq=[63, 44, 45, 23, 60, 47, 47, 61], avg_scores=[1.72, 1.58, 1.8, 1.31, 1.65, 1.87, 1.94, 1.68], var_scores=[1.06, 1.0, 0.97, 0.37, 1.33, 0.65, 1.21, 0.84]
Block (0, 6, 1, 2): access_freq=[63, 47, 37, 35, 43, 57, 51, 57], avg_scores=[1.19, 1.14, 1.07, 1.19, 1.76, 1.53, 1.78, 1.19], var_scores=[1.12, 0.98, 1.03, 1.06, 1.25, 1.3, 1.55, 0.9]
Block (0, 6, 1, 3): access_freq=[41, 43, 39, 43, 58, 74, 42, 50], avg_scores=[0.87, 1.11, 1.35, 1.45, 1.46, 1.18, 1.07, 0.96], var_scores=[0.84, 0.94, 1.22, 0.98, 1.1, 1.0, 0.78, 0.74]
Block (0, 6, 2, 4): access_freq=[61, 16, 37, 29, 40, 78, 84, 45], avg_scores=[0.6, -0.06, 0.52, 1.26, 0.31, 0.49, 0.52, 0.28], var_scores=[1.38, 0.76, 1.2, 0.76, 1.61, 1.44, 1.32, 1.04]
Block (0, 6, 2, 5): access_freq=[33, 35, 36, 35, 38, 68, 77, 68], avg_scores=[1.08, 1.24, 1.81, 2.15, 1.05, 1.75, 1.11, 1.76], var_scores=[1.98, 1.83, 2.48, 1.58, 1.92, 1.83, 1.5, 1.39]
Block (0, 6, 3, 6): access_freq=[44, 19, 47, 46, 31, 67, 53, 83], avg_scores=[2.29, 1.8, 2.5, 2.25, 2.18, 2.26, 2.41, 2.57], var_scores=[1.2, 1.43, 1.78, 0.97, 1.25, 1.59, 1.28, 1.01]
Block (0, 6, 3, 7): access_freq=[36, 23, 40, 36, 37, 66, 50, 102], avg_scores=[1.71, 1.42, 1.61, 1.63, 2.47, 2.31, 1.78, 2.16], var_scores=[1.63, 1.21, 0.88, 1.12, 1.83, 1.62, 1.96, 1.65]
Block (0, 6, 4, 8): access_freq=[42, 29, 39, 37, 32, 86, 55, 70], avg_scores=[0.56, 0.64, 0.89, 0.74, 1.67, 0.63, 1.01, 0.84], var_scores=[1.07, 1.77, 2.05, 1.7, 1.55, 1.34, 1.63, 1.66]
Block (0, 6, 4, 9): access_freq=[39, 17, 41, 55, 37, 92, 49, 60], avg_scores=[0.43, 1.33, 0.83, 0.84, 1.25, 0.87, 0.67, 0.36], var_scores=[2.84, 2.75, 2.32, 2.02, 2.11, 1.81, 2.44, 2.18]
Block (0, 6, 5, 10): access_freq=[108, 80, 25, 1, 16, 20, 30, 110], avg_scores=[-0.06, -0.01, -0.75, 1.57, 1.29, 0.69, 1.08, 0.5], var_scores=[1.07, 1.09, 1.13, 0.0, 1.57, 2.99, 2.56, 1.64]
Block (0, 6, 5, 11): access_freq=[74, 52, 24, 11, 27, 46, 64, 92], avg_scores=[0.46, -0.19, 0.11, 3.14, 3.95, 3.02, 2.23, 1.39], var_scores=[1.23, 1.08, 1.7, 4.09, 2.69, 3.31, 3.83, 2.46]
Block (0, 6, 6, 12): access_freq=[105, 40, 37, 50, 34, 62, 44, 18], avg_scores=[0.4, 0.39, 0.34, 0.24, -0.22, -0.1, 0.21, 0.15], var_scores=[1.74, 2.04, 1.41, 1.3, 1.75, 1.62, 2.16, 2.09]
Block (0, 6, 6, 13): access_freq=[66, 19, 58, 53, 35, 77, 56, 26], avg_scores=[1.06, 1.2, 1.21, 0.72, -0.26, 0.29, 0.23, 0.46], var_scores=[3.26, 1.41, 1.64, 2.05, 1.05, 1.23, 1.74, 2.35]
Block (0, 6, 7, 14): access_freq=[81, 26, 40, 17, 50, 43, 27, 106], avg_scores=[-0.45, -0.33, -0.43, 0.11, 0.26, 0.12, 0.03, 0.03], var_scores=[1.14, 2.86, 1.16, 2.16, 1.72, 1.4, 1.39, 1.49]
Block (0, 6, 7, 15): access_freq=[84, 12, 28, 21, 39, 52, 51, 103], avg_scores=[0.67, 1.39, 0.39, 1.7, 0.02, 0.75, 0.31, 0.74], var_scores=[2.18, 2.31, 2.06, 1.99, 2.21, 1.53, 1.95, 2.14]
Block (0, 7, 0, 0): access_freq=[40, 56, 33, 35, 44, 60, 71, 51], avg_scores=[-0.31, 0.05, 0.02, -0.45, 0.11, -0.45, -0.27, -0.41], var_scores=[1.17, 1.25, 0.84, 1.05, 0.77, 0.88, 0.66, 1.42]
Block (0, 7, 0, 1): access_freq=[43, 44, 35, 50, 31, 41, 58, 88], avg_scores=[0.15, 0.87, 0.19, 0.11, 0.5, -0.04, 0.19, 0.32], var_scores=[0.82, 1.23, 0.85, 0.27, 0.43, 0.37, 0.64, 0.97]
Block (0, 7, 1, 2): access_freq=[29, 28, 31, 27, 37, 71, 86, 81], avg_scores=[0.62, 1.39, 0.91, 0.87, 1.73, 1.38, 1.12, 0.98], var_scores=[1.02, 1.69, 1.44, 1.05, 1.21, 1.88, 1.23, 1.05]
Block (0, 7, 1, 3): access_freq=[55, 5, 37, 27, 28, 64, 95, 79], avg_scores=[0.91, 1.27, 1.26, 2.06, 3.05, 1.6, 1.25, 1.41], var_scores=[1.18, 1.12, 1.2, 3.43, 4.36, 2.6, 1.5, 1.1]
Block (0, 7, 2, 4): access_freq=[59, 45, 41, 48, 54, 37, 20, 86], avg_scores=[-0.05, 0.81, 0.39, 0.59, 0.69, 0.89, 0.43, 0.59], var_scores=[0.97, 0.78, 0.99, 1.11, 1.36, 1.02, 0.78, 1.12]
Block (0, 7, 2, 5): access_freq=[43, 45, 58, 37, 86, 19, 40, 62], avg_scores=[0.04, 0.39, 0.65, 0.65, 0.58, 1.17, 0.39, 0.35], var_scores=[0.45, 1.07, 1.25, 1.19, 1.09, 0.36, 0.88, 0.94]
Block (0, 7, 3, 6): access_freq=[56, 54, 38, 45, 18, 71, 26, 82], avg_scores=[-1.07, -0.59, -0.89, -0.32, -1.16, -1.2, -0.41, -0.43], var_scores=[1.35, 1.37, 2.27, 2.71, 1.93, 0.83, 1.71, 2.36]
Block (0, 7, 3, 7): access_freq=[71, 48, 26, 39, 25, 62, 45, 74], avg_scores=[-1.02, -0.49, -0.62, -0.51, -0.18, -0.65, -0.34, -0.33], var_scores=[0.77, 0.88, 0.8, 1.0, 0.5, 0.92, 0.54, 1.02]
Block (0, 7, 4, 8): access_freq=[66, 64, 61, 39, 20, 67, 40, 33], avg_scores=[0.38, 0.92, 0.28, 0.13, 0.84, 0.63, 0.29, 0.23], var_scores=[1.31, 1.09, 1.14, 0.97, 1.43, 2.17, 2.89, 2.3]
Block (0, 7, 4, 9): access_freq=[55, 66, 59, 51, 27, 51, 27, 54], avg_scores=[1.15, 0.86, 0.85, 0.54, 1.08, 0.99, 0.84, 0.41], var_scores=[1.55, 1.18, 0.82, 0.87, 1.0, 1.28, 1.26, 1.15]
Block (0, 7, 5, 10): access_freq=[40, 36, 54, 22, 17, 60, 62, 99], avg_scores=[0.02, 0.32, 0.75, 0.14, 0.53, 0.78, 1.1, 0.94], var_scores=[0.65, 0.7, 1.01, 1.26, 1.14, 1.15, 1.64, 2.08]
Block (0, 7, 5, 11): access_freq=[12, 31, 19, 35, 32, 72, 51, 138], avg_scores=[0.14, 0.31, 0.13, 0.41, 0.77, 0.17, 0.62, 0.54], var_scores=[1.54, 1.4, 0.86, 0.92, 1.32, 1.45, 0.9, 1.52]
Block (0, 7, 6, 12): access_freq=[22, 33, 35, 56, 34, 74, 67, 69], avg_scores=[0.02, -0.27, -0.13, -0.7, -0.76, -0.71, -1.05, -0.29], var_scores=[1.84, 1.97, 2.2, 2.18, 1.46, 1.59, 1.34, 1.72]
Block (0, 7, 6, 13): access_freq=[43, 86, 62, 36, 29, 47, 52, 35], avg_scores=[-0.96, -0.7, -0.85, -0.4, -1.11, -0.37, -1.13, -1.14], var_scores=[1.33, 1.5, 2.33, 1.98, 1.51, 2.22, 2.18, 2.0]
Block (0, 7, 7, 14): access_freq=[52, 58, 36, 31, 14, 89, 49, 61], avg_scores=[0.13, 0.65, -0.41, -0.26, -0.27, 0.12, -0.08, 0.2], var_scores=[1.35, 1.76, 1.69, 1.25, 2.06, 1.75, 1.61, 1.54]
Block (0, 7, 7, 15): access_freq=[40, 41, 36, 39, 27, 74, 47, 86], avg_scores=[-0.39, 0.19, -0.69, -0.79, 0.74, -0.29, -0.56, 0.0], var_scores=[1.3, 1.48, 1.28, 1.28, 3.23, 1.47, 1.74, 1.83]
Block (0, 8, 0, 0): access_freq=[30, 40, 37, 45, 40, 92, 53, 53], avg_scores=[-0.94, 0.25, 0.28, 0.11, -0.6, 0.08, -0.53, -0.01], var_scores=[2.24, 4.06, 2.89, 3.5, 2.63, 3.07, 2.0, 2.83]
Block (0, 8, 0, 1): access_freq=[35, 34, 44, 51, 50, 70, 34, 72], avg_scores=[-0.6, -0.03, -0.63, -0.81, -0.24, -0.94, -0.6, -1.09], var_scores=[2.2, 2.74, 1.8, 1.87, 1.97, 1.92, 2.12, 1.96]
Block (0, 8, 1, 2): access_freq=[54, 42, 26, 59, 36, 34, 56, 83], avg_scores=[0.44, 0.1, -0.1, 0.67, 0.62, 0.81, 0.62, 0.83], var_scores=[1.99, 1.64, 2.57, 1.81, 1.66, 1.24, 2.0, 1.67]
Block (0, 8, 1, 3): access_freq=[45, 44, 22, 40, 23, 77, 75, 64], avg_scores=[0.82, 0.54, 0.69, 0.48, 1.0, 0.63, 0.92, 0.5], var_scores=[1.37, 1.16, 0.34, 0.85, 0.8, 1.2, 1.7, 1.47]
Block (0, 8, 2, 4): access_freq=[45, 27, 26, 20, 11, 35, 112, 114], avg_scores=[-0.64, -0.12, -0.31, -0.25, 0.03, -0.03, 0.11, 0.1], var_scores=[0.66, 1.21, 0.51, 0.96, 0.92, 1.55, 1.23, 0.95]
Block (0, 8, 2, 5): access_freq=[34, 46, 31, 15, 34, 95, 58, 77], avg_scores=[0.36, 0.31, 0.39, 0.33, 0.25, 1.2, 1.09, 0.9], var_scores=[0.53, 1.06, 1.29, 1.03, 1.85, 1.68, 1.47, 1.32]
Block (0, 8, 3, 6): access_freq=[48, 43, 33, 23, 21, 84, 60, 78], avg_scores=[0.16, 0.7, 0.78, 1.25, 1.53, 1.12, 1.22, 1.23], var_scores=[0.55, 0.88, 0.96, 0.54, 0.46, 1.08, 1.04, 1.17]
Block (0, 8, 3, 7): access_freq=[39, 29, 18, 17, 27, 84, 75, 101], avg_scores=[-0.04, 0.24, 0.17, 1.22, 1.15, 0.71, 1.37, 1.74], var_scores=[0.16, 0.77, 1.15, 1.06, 1.31, 1.13, 1.84, 1.55]
Block (0, 8, 4, 8): access_freq=[38, 58, 45, 45, 31, 71, 51, 51], avg_scores=[-0.92, 0.31, -1.73, -0.75, 0.55, -1.53, -0.84, -1.36], var_scores=[5.19, 8.27, 1.54, 2.94, 3.19, 4.21, 6.91, 2.17]
Block (0, 8, 4, 9): access_freq=[65, 43, 34, 32, 45, 80, 45, 46], avg_scores=[-1.23, -1.08, -0.86, -0.55, -1.1, -1.28, -0.92, -1.28], var_scores=[1.56, 1.06, 1.85, 0.67, 2.15, 2.24, 1.84, 2.38]
Block (0, 8, 5, 10): access_freq=[88, 42, 25, 33, 31, 62, 45, 64], avg_scores=[0.18, 0.22, -0.78, -0.04, -0.02, -0.21, -0.49, -0.23], var_scores=[1.12, 2.33, 1.21, 2.18, 1.16, 1.22, 0.57, 1.1]
Block (0, 8, 5, 11): access_freq=[27, 33, 33, 33, 49, 72, 69, 74], avg_scores=[0.58, 0.7, 0.4, 1.73, 1.07, 1.0, 1.04, 1.0], var_scores=[0.79, 0.48, 1.28, 1.46, 1.37, 1.15, 1.62, 1.59]
Block (0, 8, 6, 12): access_freq=[50, 23, 14, 53, 49, 71, 38, 92], avg_scores=[-0.38, -0.03, -0.21, -0.6, -0.33, 0.07, -0.02, 0.08], var_scores=[1.11, 2.36, 1.56, 1.11, 1.58, 1.5, 1.78, 2.05]
Block (0, 8, 6, 13): access_freq=[53, 29, 36, 48, 48, 62, 38, 76], avg_scores=[-0.38, -0.23, -0.73, -0.11, 0.13, -0.15, 0.74, 0.41], var_scores=[1.93, 2.16, 2.02, 1.8, 2.51, 2.36, 3.31, 3.05]
Block (0, 8, 7, 14): access_freq=[23, 33, 32, 60, 56, 73, 44, 69], avg_scores=[0.29, 0.76, 1.04, 1.5, 1.07, 0.91, 0.91, 1.41], var_scores=[0.5, 0.61, 0.87, 1.02, 0.92, 1.33, 1.26, 1.43]
Block (0, 8, 7, 15): access_freq=[8, 41, 43, 23, 48, 108, 72, 47], avg_scores=[1.2, 1.68, 1.48, 1.03, 1.38, 1.9, 1.6, 1.4], var_scores=[0.76, 1.56, 1.79, 0.82, 1.12, 0.97, 1.25, 1.05]
Block (0, 9, 0, 0): access_freq=[29, 15, 21, 22, 58, 87, 52, 106], avg_scores=[0.83, 1.03, 0.32, 1.05, 0.62, 1.29, 0.74, 1.16], var_scores=[2.35, 2.01, 1.63, 2.36, 1.88, 1.9, 1.34, 1.68]
Block (0, 9, 0, 1): access_freq=[22, 26, 28, 32, 116, 93, 23, 50], avg_scores=[0.59, -0.2, -0.0, 0.71, 0.39, 0.47, 0.46, 0.64], var_scores=[0.74, 1.34, 1.09, 0.52, 1.01, 1.14, 1.6, 1.43]
Block (0, 9, 1, 2): access_freq=[19, 56, 62, 35, 45, 90, 47, 36], avg_scores=[0.77, 0.88, 0.88, 0.63, 1.11, 1.52, 1.41, 1.12], var_scores=[1.18, 0.71, 0.88, 1.84, 1.29, 1.51, 1.62, 1.79]
Block (0, 9, 1, 3): access_freq=[20, 63, 56, 46, 31, 72, 58, 44], avg_scores=[-0.0, 1.44, 1.16, 0.35, 0.88, 1.15, 0.92, 1.11], var_scores=[5.62, 4.96, 3.03, 1.88, 2.66, 1.84, 2.45, 1.85]
Block (0, 9, 2, 4): access_freq=[41, 67, 40, 12, 36, 36, 64, 94], avg_scores=[0.67, 0.51, 0.24, 0.27, 0.75, 0.77, 0.26, 0.49], var_scores=[1.41, 1.07, 1.07, 1.73, 1.28, 1.01, 1.77, 1.39]
Block (0, 9, 2, 5): access_freq=[28, 66, 37, 28, 27, 58, 64, 82], avg_scores=[0.18, 0.45, 0.7, 0.13, -0.28, 0.31, 0.47, 0.43], var_scores=[1.71, 1.95, 1.81, 1.97, 1.86, 1.68, 1.48, 1.76]
Block (0, 9, 3, 6): access_freq=[34, 69, 51, 30, 30, 67, 36, 73], avg_scores=[-0.12, -0.18, -0.62, -0.01, 0.01, -0.59, -0.76, -0.27], var_scores=[1.67, 1.39, 1.29, 1.03, 3.15, 1.87, 1.89, 1.12]
Block (0, 9, 3, 7): access_freq=[65, 43, 44, 21, 25, 46, 44, 102], avg_scores=[-0.09, 0.58, -0.42, -0.46, -0.74, -0.26, -0.9, -0.46], var_scores=[2.33, 1.71, 2.17, 2.79, 2.03, 1.31, 2.08, 2.11]
Block (0, 9, 4, 8): access_freq=[80, 27, 14, 29, 41, 43, 60, 96], avg_scores=[-0.77, -0.39, 0.67, -0.04, 0.09, -0.32, -0.82, -0.22], var_scores=[2.04, 1.91, 1.81, 3.02, 2.44, 2.55, 2.36, 1.89]
Block (0, 9, 4, 9): access_freq=[42, 16, 20, 39, 29, 63, 56, 125], avg_scores=[-0.52, -0.18, -0.18, -0.35, 0.83, -0.45, -0.22, -0.09], var_scores=[2.14, 1.34, 1.74, 1.63, 1.16, 2.91, 2.11, 1.4]
Block (0, 9, 5, 10): access_freq=[49, 41, 39, 52, 43, 44, 45, 77], avg_scores=[-0.36, -0.95, -0.48, -0.9, -0.96, -0.74, -0.62, -0.58], var_scores=[1.19, 1.35, 1.41, 1.3, 1.26, 1.01, 1.35, 1.14]
Block (0, 9, 5, 11): access_freq=[63, 49, 20, 39, 42, 47, 45, 85], avg_scores=[-1.07, -1.32, -1.28, -0.95, -0.99, -1.32, -1.46, -1.39], var_scores=[1.57, 0.97, 2.24, 2.12, 1.16, 0.93, 1.19, 1.16]
Block (0, 9, 6, 12): access_freq=[52, 47, 58, 32, 33, 74, 52, 42], avg_scores=[0.29, -0.17, -0.08, 0.42, 0.23, 0.15, 0.67, 0.2], var_scores=[1.17, 0.58, 0.75, 1.12, 0.39, 1.17, 1.63, 1.55]
Block (0, 9, 6, 13): access_freq=[52, 46, 44, 45, 47, 64, 48, 44], avg_scores=[0.33, 0.16, 0.12, 0.3, 0.52, 0.33, 0.18, 0.46], var_scores=[1.33, 0.8, 0.82, 0.62, 0.97, 1.06, 0.76, 0.61]
Block (0, 9, 7, 14): access_freq=[42, 38, 68, 46, 49, 53, 15, 79], avg_scores=[0.9, 1.02, 1.01, 1.33, 1.25, 1.29, 0.71, 1.25], var_scores=[1.18, 0.77, 1.1, 1.06, 0.96, 0.88, 0.66, 1.11]
Block (0, 9, 7, 15): access_freq=[20, 10, 35, 25, 37, 90, 64, 109], avg_scores=[0.67, 1.05, 1.29, 1.6, 1.94, 2.17, 1.86, 2.23], var_scores=[0.91, 2.23, 1.27, 2.06, 1.57, 1.62, 1.35, 1.73]
Block (0, 10, 0, 0): access_freq=[10, 23, 30, 23, 62, 118, 63, 61], avg_scores=[2.77, 1.91, 3.0, 2.9, 4.12, 4.67, 3.47, 3.6], var_scores=[0.63, 1.17, 2.51, 2.19, 2.34, 2.27, 2.68, 1.13]
Block (0, 10, 0, 1): access_freq=[31, 17, 23, 43, 41, 94, 42, 99], avg_scores=[4.31, 3.75, 4.49, 3.83, 4.68, 5.21, 4.81, 4.82], var_scores=[1.19, 1.27, 2.97, 2.52, 3.05, 2.8, 2.02, 2.53]
Block (0, 10, 1, 2): access_freq=[21, 57, 58, 50, 29, 41, 30, 104], avg_scores=[-0.02, 0.66, 0.55, 0.73, 0.76, 0.64, 0.42, 0.82], var_scores=[2.95, 2.29, 4.71, 2.77, 1.66, 2.59, 2.75, 3.01]
Block (0, 10, 1, 3): access_freq=[46, 30, 72, 12, 38, 48, 25, 119], avg_scores=[1.23, 1.51, 1.51, 0.33, 1.81, 1.02, 1.09, 2.01], var_scores=[2.93, 2.96, 3.54, 1.91, 2.17, 2.04, 3.58, 3.85]
Block (0, 10, 2, 4): access_freq=[22, 83, 55, 38, 12, 44, 32, 104], avg_scores=[-0.26, 0.49, 0.01, 0.42, -0.02, 1.0, -0.01, 0.97], var_scores=[3.47, 2.3, 3.17, 4.72, 2.74, 4.22, 2.8, 4.35]
Block (0, 10, 2, 5): access_freq=[32, 44, 39, 37, 33, 94, 30, 81], avg_scores=[1.24, 1.03, 1.12, 1.25, 1.3, 1.47, 1.91, 1.27], var_scores=[1.02, 1.7, 1.81, 1.73, 1.27, 1.31, 1.9, 1.9]
Block (0, 10, 3, 6): access_freq=[34, 21, 44, 36, 62, 74, 51, 68], avg_scores=[0.37, 0.13, 0.47, 0.6, 0.05, -0.12, 0.64, -0.37], var_scores=[2.35, 2.58, 2.18, 4.43, 3.43, 2.88, 2.2, 2.33]
Block (0, 10, 3, 7): access_freq=[50, 12, 40, 74, 47, 45, 42, 80], avg_scores=[0.31, -0.76, -0.27, -0.66, -0.68, 0.47, 0.31, -0.04], var_scores=[4.44, 1.89, 3.37, 2.38, 1.6, 3.23, 2.87, 2.83]
Block (0, 10, 4, 8): access_freq=[7, 7, 20, 18, 34, 86, 113, 105], avg_scores=[2.51, 2.89, 4.06, 4.45, 3.87, 5.54, 5.89, 5.53], var_scores=[4.85, 1.91, 3.25, 2.8, 4.66, 3.37, 5.63, 4.6]
Block (0, 10, 4, 9): access_freq=[1, 1, 10, 12, 21, 105, 132, 108], avg_scores=[6.93, 5.4, 4.08, 4.7, 4.65, 5.41, 5.28, 5.12], var_scores=[0.0, 0.0, 3.04, 2.78, 3.6, 3.98, 3.36, 3.09]
Block (0, 10, 5, 10): access_freq=[38, 29, 36, 19, 37, 91, 63, 77], avg_scores=[-1.38, -1.02, -1.1, -0.25, -0.59, -1.1, -0.67, -0.82], var_scores=[1.14, 1.66, 2.5, 2.09, 1.93, 2.31, 1.89, 1.69]
Block (0, 10, 5, 11): access_freq=[13, 32, 34, 24, 31, 79, 60, 117], avg_scores=[-0.54, -0.18, -0.31, 0.31, 0.03, 0.47, 0.27, 0.26], var_scores=[1.5, 2.32, 2.1, 2.79, 1.75, 3.05, 2.17, 2.45]
Block (0, 10, 6, 12): access_freq=[72, 35, 29, 30, 11, 46, 68, 99], avg_scores=[0.3, 0.07, 0.01, 0.02, 0.12, 0.84, 0.03, 0.15], var_scores=[3.03, 1.64, 1.73, 2.77, 2.76, 2.05, 3.3, 3.94]
Block (0, 10, 6, 13): access_freq=[43, 41, 32, 35, 31, 80, 33, 95], avg_scores=[-0.65, -0.39, -1.06, -0.61, -0.18, 0.44, -0.16, 0.01], var_scores=[2.03, 2.83, 1.76, 2.66, 5.23, 3.6, 1.71, 3.06]
Block (0, 10, 7, 14): access_freq=[32, 9, 9, 26, 21, 87, 93, 113], avg_scores=[0.38, 2.11, 0.2, 1.02, 1.75, 1.25, 0.6, 1.13], var_scores=[1.99, 5.13, 2.71, 2.19, 3.07, 3.55, 2.6, 3.41]
Block (0, 10, 7, 15): access_freq=[63, 8, 26, 17, 19, 71, 94, 92], avg_scores=[1.12, 0.58, 0.38, 0.42, 0.39, 0.69, 0.8, 1.71], var_scores=[2.97, 1.27, 2.32, 1.09, 1.81, 1.78, 3.15, 4.43]
Block (0, 11, 0, 0): access_freq=[16, 7, 38, 28, 64, 97, 83, 57], avg_scores=[-1.72, -1.46, -1.1, -0.27, -0.41, -0.5, -0.31, -0.55], var_scores=[4.3, 3.26, 2.87, 1.65, 4.3, 4.27, 2.94, 2.72]
Block (0, 11, 0, 1): access_freq=[19, 14, 37, 32, 91, 96, 60, 41], avg_scores=[-1.28, 0.14, -0.59, 1.04, 0.8, 0.81, 0.3, 0.28], var_scores=[0.76, 2.79, 3.51, 4.75, 4.75, 2.99, 3.12, 2.01]
Block (0, 11, 1, 2): access_freq=[48, 24, 18, 24, 17, 54, 79, 126], avg_scores=[0.36, 0.84, 0.28, 0.53, 1.08, 1.11, 0.9, 1.11], var_scores=[0.57, 0.67, 1.26, 0.81, 1.76, 2.39, 1.5, 1.03]
Block (0, 11, 1, 3): access_freq=[62, 49, 13, 7, 6, 53, 66, 134], avg_scores=[-0.63, -0.11, 0.92, -1.55, -0.89, -0.17, -0.03, 0.5], var_scores=[1.51, 3.6, 2.85, 2.2, 3.37, 2.12, 1.89, 2.68]
Block (0, 11, 2, 4): access_freq=[54, 41, 12, 17, 40, 33, 100, 93], avg_scores=[1.87, 1.67, 0.7, 1.95, 2.02, 2.14, 1.95, 2.1], var_scores=[2.43, 1.17, 2.87, 1.8, 1.88, 1.81, 2.43, 3.03]
Block (0, 11, 2, 5): access_freq=[28, 18, 12, 24, 24, 48, 116, 120], avg_scores=[1.83, 2.35, 2.31, 1.62, 1.99, 2.71, 2.68, 3.01], var_scores=[1.23, 2.29, 2.77, 2.37, 2.47, 3.02, 2.73, 3.42]
Block (0, 11, 3, 6): access_freq=[26, 27, 12, 23, 32, 90, 114, 66], avg_scores=[3.07, 1.85, 2.02, 2.44, 2.38, 2.27, 1.91, 1.64], var_scores=[1.25, 2.74, 1.61, 2.03, 2.07, 2.58, 2.3, 3.21]
Block (0, 11, 3, 7): access_freq=[47, 31, 21, 12, 50, 109, 71, 49], avg_scores=[1.21, 1.7, 0.76, 0.51, 0.91, 1.55, 0.8, 0.98], var_scores=[3.69, 1.77, 1.5, 0.74, 3.37, 2.59, 2.88, 2.3]
Block (0, 11, 4, 8): access_freq=[29, 13, 13, 39, 27, 32, 93, 144], avg_scores=[-1.14, -0.14, -0.53, -1.37, 0.57, -1.52, -0.04, -0.11], var_scores=[2.79, 7.04, 8.31, 4.29, 1.86, 2.82, 7.36, 4.66]
Block (0, 11, 4, 9): access_freq=[22, 25, 24, 49, 14, 38, 107, 111], avg_scores=[-0.94, -0.87, -0.85, 0.2, -1.34, -0.45, 0.69, 0.07], var_scores=[4.06, 2.99, 3.1, 9.0, 4.56, 5.21, 7.58, 5.08]
Block (0, 11, 5, 10): access_freq=[1, 5, 17, 16, 15, 74, 121, 141], avg_scores=[4.87, 3.22, 3.17, 3.17, 3.88, 5.03, 5.83, 6.09], var_scores=[0.0, 15.76, 4.0, 3.22, 6.29, 5.13, 6.25, 5.22]
Block (0, 11, 5, 11): access_freq=[2, 6, 21, 20, 22, 114, 120, 85], avg_scores=[1.86, 1.97, 1.73, 0.98, 3.5, 8.18, 8.99, 7.18], var_scores=[0.41, 27.53, 7.94, 0.93, 19.42, 25.9, 17.97, 22.1]
Block (0, 11, 6, 12): access_freq=[11, 61, 8, 40, 52, 39, 43, 136], avg_scores=[0.53, 1.17, -0.78, -0.57, -1.22, -0.99, -0.09, 0.36], var_scores=[4.59, 2.33, 4.41, 7.89, 5.38, 5.74, 6.2, 3.82]
Block (0, 11, 6, 13): access_freq=[39, 12, 9, 30, 56, 64, 71, 109], avg_scores=[-1.01, -0.47, -1.92, -1.69, -0.62, -0.3, -0.32, -0.68], var_scores=[2.7, 2.43, 2.93, 2.62, 2.98, 4.46, 4.52, 2.77]
Block (0, 11, 7, 14): access_freq=[21, 7, 46, 27, 25, 128, 81, 55], avg_scores=[1.66, 2.4, 1.79, 1.35, 2.5, 2.66, 2.93, 1.69], var_scores=[2.83, 2.1, 3.9, 4.77, 2.08, 4.63, 4.21, 4.74]
Block (0, 11, 7, 15): access_freq=[20, 33, 61, 57, 16, 87, 61, 55], avg_scores=[1.44, 1.28, 3.3, 2.43, 1.36, 1.5, 1.54, 0.94], var_scores=[6.05, 3.72, 5.22, 4.24, 3.6, 3.85, 3.66, 2.83]
Block (0, 12, 0, 0): access_freq=[51, 5, 28, 20, 40, 46, 50, 150], avg_scores=[2.15, 0.56, 1.25, 1.88, 2.09, 1.57, 1.77, 2.3], var_scores=[1.39, 0.28, 0.9, 1.36, 1.58, 1.14, 0.79, 1.6]
Block (0, 12, 0, 1): access_freq=[21, 26, 17, 24, 34, 56, 76, 136], avg_scores=[2.5, 2.94, 2.82, 2.2, 2.87, 3.09, 2.97, 3.4], var_scores=[2.49, 2.51, 2.14, 3.37, 1.99, 3.06, 3.73, 3.93]
Block (0, 12, 1, 2): access_freq=[67, 23, 58, 9, 1, 37, 46, 149], avg_scores=[-1.53, -1.28, -0.39, -0.44, 3.49, -0.97, -0.73, 0.15], var_scores=[3.82, 3.28, 2.5, 5.21, 0.0, 4.24, 2.67, 5.61]
Block (0, 12, 1, 3): access_freq=[49, 17, 28, 10, 3, 61, 69, 153], avg_scores=[0.85, -0.11, 1.66, 0.36, 2.19, 1.13, 0.09, 2.55], var_scores=[4.88, 1.99, 3.65, 1.69, 0.67, 7.78, 4.53, 4.67]
Block (0, 12, 2, 4): access_freq=[28, 20, 38, 43, 17, 24, 86, 134], avg_scores=[0.7, 0.87, 0.66, -0.19, 0.52, -0.11, 1.21, 1.28], var_scores=[5.94, 8.92, 2.97, 4.13, 6.4, 7.72, 6.62, 5.42]
Block (0, 12, 2, 5): access_freq=[42, 14, 20, 26, 51, 35, 57, 145], avg_scores=[-0.72, 0.35, -0.16, 0.97, 0.24, 0.62, 0.27, 0.94], var_scores=[2.68, 5.01, 3.09, 2.49, 2.8, 4.96, 3.98, 2.56]
Block (0, 12, 3, 6): access_freq=[12, 16, 45, 27, 8, 76, 86, 120], avg_scores=[5.9, 7.5, 7.83, 7.47, 4.99, 7.61, 8.21, 8.03], var_scores=[4.82, 11.53, 6.26, 10.23, 11.42, 9.15, 5.84, 7.41]
Block (0, 12, 3, 7): access_freq=[35, 10, 48, 19, 6, 58, 119, 95], avg_scores=[6.93, 6.88, 6.8, 7.9, 5.06, 7.59, 7.64, 7.81], var_scores=[4.8, 6.56, 7.63, 6.19, 3.08, 5.55, 8.74, 6.88]
Block (0, 12, 4, 8): access_freq=[15, 13, 58, 20, 16, 22, 75, 171], avg_scores=[-1.98, -1.18, -1.78, -2.36, -0.87, -0.21, -0.61, -0.04], var_scores=[4.79, 4.69, 3.45, 6.02, 6.38, 3.72, 5.43, 4.62]
Block (0, 12, 4, 9): access_freq=[21, 23, 42, 43, 24, 21, 65, 151], avg_scores=[-2.14, -2.05, -2.27, -2.22, -1.99, -1.86, -1.55, -0.92], var_scores=[2.56, 1.47, 1.12, 1.73, 2.04, 2.79, 2.22, 2.76]
Block (0, 12, 5, 10): access_freq=[8, 8, 14, 48, 36, 90, 62, 124], avg_scores=[3.57, 3.49, 4.74, 3.83, 4.33, 4.55, 4.38, 5.24], var_scores=[1.37, 2.02, 2.94, 1.94, 4.24, 2.35, 2.72, 2.77]
Block (0, 12, 5, 11): access_freq=[3, 12, 33, 27, 33, 105, 74, 103], avg_scores=[4.91, 2.74, 4.07, 3.52, 4.25, 4.82, 5.14, 4.91], var_scores=[4.18, 3.23, 2.83, 3.08, 3.9, 4.02, 3.28, 3.02]
Block (0, 12, 6, 12): access_freq=[21, 2, 30, 27, 11, 84, 64, 151], avg_scores=[5.72, 3.48, 4.61, 4.71, 4.45, 5.68, 5.44, 5.84], var_scores=[2.88, 0.34, 3.71, 4.89, 3.68, 2.95, 2.59, 3.57]
Block (0, 12, 6, 13): access_freq=[33, 8, 43, 33, 23, 71, 52, 127], avg_scores=[5.07, 4.59, 5.29, 4.65, 5.14, 5.37, 4.97, 5.77], var_scores=[1.58, 2.4, 4.5, 3.06, 2.73, 2.35, 2.14, 2.91]
Block (0, 12, 7, 14): access_freq=[64, 36, 21, 13, 14, 28, 41, 173], avg_scores=[-0.49, -0.39, 0.2, -0.44, 0.78, 0.68, -0.5, 1.14], var_scores=[2.38, 2.08, 1.43, 3.3, 2.61, 2.68, 2.61, 3.6]
Block (0, 12, 7, 15): access_freq=[74, 24, 17, 16, 8, 25, 54, 172], avg_scores=[-0.38, -0.53, 0.92, 1.01, 0.05, 1.65, 0.69, 1.85], var_scores=[3.54, 1.82, 3.24, 1.64, 1.56, 2.25, 4.45, 3.01]
Block (0, 13, 0, 0): access_freq=[14, 29, 24, 15, 20, 59, 94, 135], avg_scores=[3.13, 2.64, 4.4, 2.57, 4.16, 4.05, 4.04, 4.32], var_scores=[7.79, 4.55, 1.9, 3.32, 1.52, 4.27, 4.75, 5.89]
Block (0, 13, 0, 1): access_freq=[26, 17, 17, 24, 49, 33, 87, 137], avg_scores=[2.58, 0.3, 2.57, 1.44, 2.57, 2.27, 3.15, 3.66], var_scores=[3.55, 1.71, 2.09, 4.53, 1.55, 1.74, 3.68, 3.73]
Block (0, 13, 1, 2): access_freq=[10, 13, 25, 26, 34, 76, 82, 124], avg_scores=[-0.68, -1.23, -2.03, -1.38, -0.16, -1.01, -0.8, -0.77], var_scores=[1.04, 1.14, 3.33, 4.08, 4.35, 2.99, 4.41, 3.53]
Block (0, 13, 1, 3): access_freq=[32, 36, 47, 61, 3, 57, 29, 125], avg_scores=[-2.69, -2.57, -3.27, -3.29, -1.86, -2.22, -2.03, -2.18], var_scores=[3.32, 3.76, 2.68, 2.78, 4.47, 4.26, 4.81, 3.67]
Block (0, 13, 2, 4): access_freq=[89, 20, 89, 26, 20, 53, 28, 65], avg_scores=[-0.5, -0.62, -1.06, -1.06, -1.47, -1.27, -0.48, -0.69], var_scores=[2.67, 2.92, 3.34, 4.09, 2.45, 2.83, 1.47, 2.08]
Block (0, 13, 2, 5): access_freq=[64, 9, 74, 32, 13, 90, 48, 60], avg_scores=[-0.17, -1.1, -0.72, 0.53, 0.06, -0.23, 0.35, 0.22], var_scores=[2.23, 2.28, 2.25, 3.14, 1.61, 2.15, 3.5, 2.27]
Block (0, 13, 3, 6): access_freq=[16, 2, 66, 26, 29, 79, 62, 110], avg_scores=[1.88, 6.01, 3.67, 2.43, 4.57, 3.58, 2.96, 3.14], var_scores=[2.05, 0.05, 3.53, 4.13, 2.37, 3.76, 5.81, 4.61]
Block (0, 13, 3, 7): access_freq=[18, 4, 34, 11, 31, 97, 65, 130], avg_scores=[2.51, 2.39, 3.79, 3.78, 5.73, 4.99, 4.31, 5.04], var_scores=[1.59, 1.12, 2.59, 3.62, 7.62, 3.31, 2.84, 2.73]
Block (0, 13, 4, 8): access_freq=[13, 38, 20, 33, 23, 70, 111, 82], avg_scores=[2.02, 4.35, 3.96, 2.82, 5.14, 4.62, 5.91, 5.21], var_scores=[2.08, 5.32, 1.07, 2.78, 2.06, 2.4, 3.06, 3.28]
Block (0, 13, 4, 9): access_freq=[33, 65, 33, 24, 35, 57, 73, 70], avg_scores=[3.06, 3.14, 3.73, 2.95, 2.88, 3.75, 3.26, 2.59], var_scores=[1.63, 3.63, 2.09, 2.06, 4.87, 2.87, 3.08, 2.76]
Block (0, 13, 5, 10): access_freq=[27, 48, 121, 40, 26, 43, 22, 63], avg_scores=[-1.71, -2.59, -2.77, -3.08, -2.97, -2.78, -2.32, -2.67], var_scores=[4.79, 3.01, 3.91, 3.63, 5.0, 3.54, 2.36, 4.59]
Block (0, 13, 5, 11): access_freq=[13, 18, 67, 60, 44, 58, 40, 90], avg_scores=[-0.94, -1.74, -0.4, -1.36, -1.56, -2.41, -1.75, -1.16], var_scores=[4.59, 3.05, 6.76, 2.53, 3.51, 3.55, 3.68, 5.48]
Block (0, 13, 6, 12): access_freq=[45, 26, 52, 55, 31, 62, 22, 97], avg_scores=[0.3, -0.67, -0.12, -0.37, -0.68, -1.28, -1.43, -0.77], var_scores=[3.63, 3.36, 4.49, 3.7, 3.92, 3.5, 2.92, 3.1]
Block (0, 13, 6, 13): access_freq=[38, 10, 29, 11, 18, 106, 33, 145], avg_scores=[-1.93, -1.34, -0.89, -0.2, -0.54, -0.86, 0.09, 0.4], var_scores=[10.32, 1.9, 10.57, 3.52, 7.5, 8.68, 8.83, 9.4]
Block (0, 13, 7, 14): access_freq=[63, 13, 43, 30, 25, 48, 33, 135], avg_scores=[1.97, 2.14, 1.94, 2.23, 0.9, 1.51, 1.91, 3.16], var_scores=[3.17, 2.36, 3.39, 3.43, 5.98, 3.49, 4.72, 3.29]
Block (0, 13, 7, 15): access_freq=[53, 32, 35, 25, 9, 62, 46, 128], avg_scores=[2.75, 2.77, 2.48, 2.13, 1.76, 3.06, 2.69, 3.58], var_scores=[5.92, 1.6, 2.69, 1.53, 2.59, 4.56, 3.49, 4.67]
Block (0, 14, 0, 0): access_freq=[56, 22, 39, 26, 43, 62, 27, 115], avg_scores=[3.44, 3.19, 3.31, 2.42, 3.3, 2.85, 1.59, 3.14], var_scores=[4.78, 1.58, 3.2, 1.86, 3.51, 3.52, 1.84, 3.18]
Block (0, 14, 0, 1): access_freq=[32, 4, 44, 37, 46, 92, 20, 115], avg_scores=[2.43, 2.12, 2.49, 2.64, 2.37, 2.33, 1.21, 2.3], var_scores=[4.82, 4.53, 3.13, 2.28, 2.95, 1.94, 2.89, 2.77]
Block (0, 14, 1, 2): access_freq=[38, 42, 24, 22, 16, 27, 79, 142], avg_scores=[0.48, 1.32, 0.47, 0.48, -0.32, -0.48, 0.81, 1.67], var_scores=[3.47, 4.56, 3.79, 5.99, 11.63, 10.53, 6.88, 6.18]
Block (0, 14, 1, 3): access_freq=[61, 6, 49, 29, 23, 42, 43, 137], avg_scores=[-0.57, -1.27, 1.05, -0.63, -1.04, 0.17, -0.16, 1.68], var_scores=[3.23, 3.83, 3.33, 4.79, 4.45, 5.14, 3.92, 5.74]
Block (0, 14, 2, 4): access_freq=[24, 0, 85, 73, 29, 33, 57, 89], avg_scores=[4.52, 0, 7.65, 7.94, 8.8, 7.82, 6.66, 7.49], var_scores=[1.69, 0, 3.11, 2.94, 3.35, 3.1, 5.46, 3.63]
Block (0, 14, 2, 5): access_freq=[24, 4, 69, 41, 8, 74, 89, 81], avg_scores=[4.2, 4.66, 8.21, 7.4, 4.05, 8.78, 8.64, 9.35], var_scores=[6.35, 0.41, 5.65, 9.25, 15.21, 11.19, 8.09, 5.42]
Block (0, 14, 3, 6): access_freq=[20, 0, 29, 46, 40, 75, 53, 127], avg_scores=[4.38, 0, 2.61, 4.04, 3.83, 3.17, 3.96, 3.81], var_scores=[6.03, 0, 3.52, 4.05, 3.77, 5.57, 2.39, 4.44]
Block (0, 14, 3, 7): access_freq=[25, 17, 18, 16, 13, 98, 64, 139], avg_scores=[0.33, -0.4, 0.64, -0.61, 1.37, 1.15, -0.18, 0.88], var_scores=[7.23, 8.0, 2.38, 6.37, 4.48, 4.26, 5.8, 6.93]
Block (0, 14, 4, 8): access_freq=[41, 26, 26, 15, 16, 102, 80, 84], avg_scores=[-0.95, 1.04, 1.43, 0.39, 3.2, 1.48, 3.13, 1.52], var_scores=[18.81, 11.02, 11.1, 22.21, 9.89, 16.06, 10.79, 14.07]
Block (0, 14, 4, 9): access_freq=[87, 30, 29, 23, 12, 73, 81, 55], avg_scores=[1.09, 1.35, 2.06, -1.48, -0.85, 1.25, 3.41, 2.17], var_scores=[11.75, 15.11, 7.03, 12.9, 16.65, 20.04, 8.57, 14.41]
Block (0, 14, 5, 10): access_freq=[68, 33, 59, 18, 6, 100, 4, 102], avg_scores=[-3.15, -2.45, -2.07, -1.08, -1.55, -0.41, 1.11, -1.37], var_scores=[8.75, 10.29, 13.44, 9.25, 4.88, 7.21, 4.97, 14.19]
Block (0, 14, 5, 11): access_freq=[32, 20, 33, 29, 28, 101, 51, 96], avg_scores=[-1.56, -0.69, -0.64, -1.39, -0.25, -0.74, -1.96, 0.74], var_scores=[8.7, 8.44, 3.77, 8.67, 1.18, 10.99, 11.98, 7.81]
Block (0, 14, 6, 12): access_freq=[48, 13, 13, 21, 49, 69, 60, 117], avg_scores=[-2.7, -4.9, -1.4, -0.92, -2.15, -1.77, -2.14, -1.28], var_scores=[6.3, 3.31, 4.67, 2.8, 5.59, 8.3, 8.73, 6.97]
Block (0, 14, 6, 13): access_freq=[37, 19, 9, 30, 20, 38, 92, 145], avg_scores=[-3.07, -4.06, -3.63, -2.51, -2.87, -2.3, -3.07, -1.73], var_scores=[6.69, 4.33, 4.02, 7.04, 2.43, 7.13, 5.18, 3.98]
Block (0, 14, 7, 14): access_freq=[11, 30, 68, 52, 14, 26, 48, 141], avg_scores=[3.38, 2.91, 3.2, 2.64, 4.29, 4.42, 3.77, 3.68], var_scores=[20.12, 8.81, 7.57, 9.07, 7.03, 10.95, 9.64, 7.19]
Block (0, 14, 7, 15): access_freq=[22, 18, 42, 26, 37, 67, 73, 105], avg_scores=[3.67, 1.82, 6.01, 3.57, 6.07, 8.43, 6.95, 6.49], var_scores=[29.37, 17.76, 24.37, 37.46, 43.14, 25.73, 30.46, 27.25]
Block (0, 15, 0, 0): access_freq=[10, 25, 24, 9, 29, 62, 129, 102], avg_scores=[-1.55, 0.27, -0.12, 1.9, 0.85, 0.53, 0.2, 0.08], var_scores=[13.37, 6.02, 9.6, 9.92, 8.28, 8.41, 9.93, 10.61]
Block (0, 15, 0, 1): access_freq=[5, 13, 28, 17, 16, 103, 80, 128], avg_scores=[1.54, 1.28, -0.95, -1.29, 1.63, -0.09, -0.58, 0.52], var_scores=[5.4, 7.25, 5.6, 7.75, 5.35, 10.03, 8.47, 8.95]
Block (0, 15, 1, 2): access_freq=[37, 58, 8, 6, 6, 60, 90, 125], avg_scores=[0.38, 0.89, 0.11, -3.27, 3.36, 2.21, 1.77, 2.54], var_scores=[18.31, 10.91, 22.94, 12.08, 4.97, 11.41, 16.48, 12.22]
Block (0, 15, 1, 3): access_freq=[77, 49, 24, 6, 42, 48, 39, 105], avg_scores=[-0.89, 1.51, 1.26, 7.75, 3.45, 4.48, 0.06, 1.47], var_scores=[35.78, 30.17, 38.05, 35.39, 15.29, 21.94, 16.93, 22.89]
Block (0, 15, 2, 4): access_freq=[38, 18, 13, 13, 17, 53, 89, 149], avg_scores=[3.67, 4.83, 3.22, 3.46, 4.81, 2.31, 2.0, 3.15], var_scores=[6.35, 6.29, 7.0, 4.88, 4.9, 7.24, 8.32, 7.4]
Block (0, 15, 2, 5): access_freq=[18, 47, 24, 1, 12, 45, 99, 144], avg_scores=[1.31, 0.83, 2.36, 1.73, 1.11, 0.9, 1.26, 2.0], var_scores=[6.37, 4.89, 2.62, 0.0, 5.95, 6.56, 6.54, 5.31]
Block (0, 15, 3, 6): access_freq=[95, 26, 37, 12, 0, 15, 65, 140], avg_scores=[-1.08, -0.42, -1.39, -2.05, 0, 0.72, 0.03, 0.37], var_scores=[2.63, 3.98, 3.21, 0.99, 0, 1.08, 2.59, 4.15]
Block (0, 15, 3, 7): access_freq=[108, 60, 34, 1, 1, 2, 77, 107], avg_scores=[-0.17, -0.66, -0.98, -1.11, 1.49, -0.93, -1.7, -1.07], var_scores=[4.25, 3.76, 2.14, 0.0, 0.0, 0.77, 3.71, 3.95]
Block (0, 15, 4, 8): access_freq=[25, 54, 32, 4, 7, 35, 79, 154], avg_scores=[-0.21, 0.7, -0.55, -3.54, 2.91, 1.24, 1.25, 1.96], var_scores=[9.91, 9.53, 15.27, 22.11, 10.67, 11.83, 11.36, 11.97]
Block (0, 15, 4, 9): access_freq=[44, 54, 35, 9, 11, 43, 68, 126], avg_scores=[-0.63, -0.03, 0.59, 0.68, 2.57, 1.1, 1.76, 1.95], var_scores=[11.21, 15.0, 10.48, 8.51, 12.51, 11.67, 5.3, 10.0]
Block (0, 15, 5, 10): access_freq=[59, 92, 43, 20, 15, 72, 30, 59], avg_scores=[2.39, 3.03, 2.42, 2.49, 2.64, 3.23, 2.82, 2.48], var_scores=[3.81, 4.83, 3.51, 5.63, 4.31, 4.02, 4.78, 4.05]
Block (0, 15, 5, 11): access_freq=[25, 30, 48, 5, 7, 79, 42, 154], avg_scores=[-0.43, 0.11, -0.62, -1.81, -0.65, -0.34, -0.42, 0.43], var_scores=[8.07, 4.23, 4.98, 1.99, 3.92, 2.7, 2.88, 4.09]
Block (0, 15, 6, 12): access_freq=[55, 21, 26, 56, 28, 13, 40, 151], avg_scores=[2.51, 1.96, 1.27, 2.43, 2.07, 2.01, 1.62, 3.39], var_scores=[2.78, 2.43, 1.21, 2.93, 3.38, 1.28, 2.07, 4.39]
Block (0, 15, 6, 13): access_freq=[32, 13, 15, 45, 29, 37, 71, 148], avg_scores=[2.01, 1.45, 1.69, 2.28, 2.27, 1.88, 1.68, 3.3], var_scores=[2.2, 2.21, 2.38, 3.09, 1.45, 2.39, 2.18, 3.8]
Block (0, 15, 7, 14): access_freq=[17, 14, 39, 54, 13, 57, 84, 112], avg_scores=[-0.12, 0.67, 3.25, 3.11, 2.37, 1.31, 2.52, 2.11], var_scores=[14.24, 12.27, 11.92, 16.97, 8.24, 18.98, 15.26, 14.34]
Block (0, 15, 7, 15): access_freq=[59, 22, 18, 14, 10, 33, 75, 159], avg_scores=[-2.24, 2.55, 1.42, 0.62, 2.24, 0.26, -0.26, 1.59], var_scores=[22.24, 4.42, 6.22, 9.82, 6.39, 15.27, 19.76, 17.16]
Block (0, 16, 0, 0): access_freq=[85, 18, 19, 8, 32, 58, 66, 104], avg_scores=[15.72, 13.2, 13.28, 9.09, 12.17, 14.43, 14.56, 15.49], var_scores=[19.85, 14.17, 17.79, 10.19, 21.28, 24.16, 19.55, 19.11]
Block (0, 16, 0, 1): access_freq=[44, 7, 17, 15, 42, 55, 115, 95], avg_scores=[13.59, 14.82, 14.98, 8.61, 18.48, 17.81, 22.82, 15.84], var_scores=[60.19, 40.96, 32.23, 37.93, 106.45, 109.8, 70.45, 99.1]
Block (0, 16, 1, 2): access_freq=[16, 15, 112, 32, 38, 33, 84, 60], avg_scores=[4.99, 1.05, 4.52, 3.8, 3.68, 4.35, 5.2, 5.21], var_scores=[22.22, 7.86, 18.26, 12.59, 15.67, 20.55, 11.53, 12.48]
Block (0, 16, 1, 3): access_freq=[7, 16, 67, 24, 44, 40, 148, 44], avg_scores=[3.57, 3.79, 3.87, 4.63, 5.91, 4.29, 6.06, 4.42], var_scores=[5.53, 34.27, 7.78, 15.82, 9.27, 12.11, 13.24, 16.01]
Block (0, 16, 2, 4): access_freq=[21, 19, 30, 36, 2, 98, 27, 157], avg_scores=[7.38, 5.02, 7.08, 7.25, 3.59, 6.48, 6.11, 7.78], var_scores=[9.53, 5.7, 16.01, 14.57, 5.04, 11.56, 16.94, 13.16]
Block (0, 16, 2, 5): access_freq=[14, 5, 45, 8, 15, 68, 72, 163], avg_scores=[6.97, 8.78, 10.55, 9.69, 5.94, 10.47, 10.26, 11.26], var_scores=[23.78, 4.79, 10.47, 8.64, 10.4, 11.87, 18.08, 18.04]
Block (0, 16, 3, 6): access_freq=[53, 34, 21, 1, 13, 21, 76, 171], avg_scores=[8.99, 6.88, 7.35, 8.89, 6.42, 6.66, 5.26, 10.64], var_scores=[23.07, 16.41, 13.08, 0.0, 10.77, 24.33, 13.25, 18.54]
Block (0, 16, 3, 7): access_freq=[46, 89, 47, 10, 11, 17, 37, 133], avg_scores=[8.5, 6.37, 8.85, 0.32, 8.43, 8.14, 6.81, 7.78], var_scores=[17.68, 21.43, 13.97, 14.19, 14.28, 14.55, 13.31, 26.85]
Block (0, 16, 4, 8): access_freq=[3, 1, 2, 15, 5, 72, 111, 181], avg_scores=[14.21, 16.76, 18.56, 17.0, 16.41, 14.6, 15.0, 17.65], var_scores=[4.36, 0.0, 2.45, 12.95, 3.64, 17.72, 21.09, 21.02]
Block (0, 16, 4, 9): access_freq=[2, 21, 39, 26, 9, 93, 89, 111], avg_scores=[6.57, 6.38, 7.07, 4.43, 6.94, 7.31, 5.72, 6.64], var_scores=[0.11, 9.67, 11.85, 7.49, 7.65, 9.45, 5.84, 9.92]
Block (0, 16, 5, 10): access_freq=[21, 14, 15, 14, 9, 14, 149, 154], avg_scores=[4.9, 3.23, 4.53, 4.79, 6.56, 5.9, 6.94, 7.46], var_scores=[12.32, 15.13, 12.42, 7.25, 1.49, 7.48, 11.01, 10.26]
Block (0, 16, 5, 11): access_freq=[43, 25, 11, 15, 5, 31, 134, 126], avg_scores=[2.73, -0.71, 5.59, 3.37, 12.38, 9.9, 8.83, 8.25], var_scores=[39.95, 40.32, 8.62, 35.1, 22.68, 30.72, 38.84, 35.0]
Block (0, 16, 6, 12): access_freq=[82, 25, 26, 13, 42, 62, 21, 119], avg_scores=[12.48, 14.86, 13.75, 9.29, 15.99, 12.55, 14.91, 13.82], var_scores=[38.45, 21.67, 30.61, 70.13, 24.55, 24.36, 7.24, 44.17]
Block (0, 16, 6, 13): access_freq=[25, 1, 26, 15, 62, 104, 64, 93], avg_scores=[20.22, 13.36, 14.68, 17.83, 21.52, 22.34, 20.14, 19.87], var_scores=[26.36, 0.0, 29.7, 10.35, 25.27, 29.81, 29.69, 18.08]
Block (0, 16, 7, 14): access_freq=[40, 54, 54, 22, 3, 28, 61, 128], avg_scores=[2.54, 2.47, 0.35, 0.8, 2.67, -0.58, 0.58, 2.5], var_scores=[12.26, 9.41, 10.34, 8.31, 2.83, 6.21, 9.21, 12.43]
Block (0, 16, 7, 15): access_freq=[98, 65, 64, 14, 2, 22, 48, 77], avg_scores=[-0.37, -0.14, -0.7, -1.71, -1.68, -1.75, 1.24, -1.25], var_scores=[8.22, 13.31, 12.52, 11.47, 0.65, 16.5, 7.41, 10.33]
Block (0, 17, 0, 0): access_freq=[11, 29, 56, 4, 2, 5, 88, 195], avg_scores=[6.6, 6.57, 7.02, 5.6, 7.7, 4.62, 8.01, 18.79], var_scores=[4.0, 5.2, 4.4, 0.75, 2.84, 0.08, 7.56, 11.6]
Block (0, 17, 0, 1): access_freq=[0, 0, 0, 0, 0, 0, 195, 195], avg_scores=[0, 0, 0, 0, 0, 0, 14.25, 16.23], var_scores=[0, 0, 0, 0, 0, 0, 3.45, 2.55]
Block (0, 17, 1, 2): access_freq=[39, 3, 21, 11, 25, 76, 56, 159], avg_scores=[4.71, 3.37, 7.24, 6.78, 4.47, 7.59, 4.3, 7.28], var_scores=[56.56, 38.14, 31.81, 60.05, 52.85, 34.14, 41.05, 33.53]
Block (0, 17, 1, 3): access_freq=[68, 10, 6, 10, 19, 107, 11, 159], avg_scores=[8.14, 0.29, 5.96, 7.33, 6.66, 6.72, -2.41, 6.74], var_scores=[36.22, 93.89, 27.28, 14.87, 14.24, 26.12, 72.51, 42.11]
Block (0, 17, 2, 4): access_freq=[5, 3, 3, 1, 35, 17, 176, 150], avg_scores=[2.17, 1.89, 1.67, 4.15, 5.89, 5.13, 7.17, 6.55], var_scores=[2.78, 8.39, 7.63, 0.0, 4.43, 8.69, 9.32, 10.5]
Block (0, 17, 2, 5): access_freq=[24, 25, 1, 2, 0, 17, 146, 175], avg_scores=[-0.06, -0.89, 6.22, -2.13, 0, 0.78, 2.63, 5.13], var_scores=[10.73, 8.84, 0.0, 16.57, 0, 18.03, 11.62, 16.47]
Block (0, 17, 3, 6): access_freq=[73, 3, 15, 1, 22, 32, 59, 185], avg_scores=[5.55, 1.23, 2.75, -0.89, 3.62, 1.67, 3.84, 6.04], var_scores=[9.26, 13.84, 10.45, 0.0, 3.66, 5.78, 11.63, 12.38]
Block (0, 17, 3, 7): access_freq=[29, 0, 3, 3, 9, 82, 74, 190], avg_scores=[3.12, 0, 1.23, 2.18, 6.78, 6.19, 4.09, 7.86], var_scores=[4.99, 0, 4.68, 0.57, 3.91, 9.27, 10.68, 12.98]
Block (0, 17, 4, 8): access_freq=[29, 7, 34, 14, 44, 120, 35, 107], avg_scores=[13.06, 11.16, 11.93, 17.01, 15.17, 16.45, 13.52, 13.35], var_scores=[36.93, 57.53, 32.58, 20.35, 44.24, 37.03, 21.65, 30.0]
Block (0, 17, 4, 9): access_freq=[59, 40, 38, 7, 17, 25, 76, 128], avg_scores=[15.06, 16.0, 19.58, 23.57, 16.93, 18.8, 16.13, 17.34], var_scores=[45.82, 27.95, 54.02, 39.93, 43.2, 48.56, 39.29, 45.83]
Block (0, 17, 5, 10): access_freq=[3, 1, 9, 0, 0, 63, 124, 190], avg_scores=[1.81, -1.1, 2.44, 0, 0, 5.72, 5.49, 9.28], var_scores=[6.95, 0.0, 3.5, 0, 0, 17.11, 17.77, 34.37]
Block (0, 17, 5, 11): access_freq=[54, 3, 11, 0, 0, 16, 117, 189], avg_scores=[5.18, 7.8, -2.9, 0, 0, 2.25, 5.21, 8.65], var_scores=[15.99, 8.88, 19.33, 0, 0, 21.69, 13.66, 26.07]
Block (0, 17, 6, 12): access_freq=[27, 19, 12, 7, 15, 110, 18, 182], avg_scores=[5.98, 4.8, 2.21, 3.88, 7.07, 6.42, 4.41, 9.63], var_scores=[12.56, 8.19, 16.84, 20.84, 18.0, 12.56, 21.01, 16.73]
Block (0, 17, 6, 13): access_freq=[113, 38, 0, 0, 2, 46, 40, 151], avg_scores=[8.4, 5.61, 0, 0, -5.18, 6.25, 4.36, 7.79], var_scores=[12.02, 9.82, 0, 0, 1.21, 16.02, 12.06, 16.39]
Block (0, 17, 7, 14): access_freq=[74, 27, 10, 8, 0, 81, 120, 70], avg_scores=[14.66, 14.09, 12.36, 12.73, 0, 14.87, 17.57, 19.29], var_scores=[19.01, 21.09, 33.4, 1.8, 0, 19.8, 18.32, 18.87]
Block (0, 17, 7, 15): access_freq=[31, 21, 86, 23, 1, 60, 54, 114], avg_scores=[7.85, 9.13, 15.37, 14.42, 25.95, 17.51, 14.92, 16.42], var_scores=[216.62, 224.24, 112.3, 103.92, 0.0, 82.87, 75.13, 89.91]
Block (0, 18, 0, 0): access_freq=[18, 4, 129, 43, 10, 75, 40, 71], avg_scores=[17.75, 16.53, 21.49, 20.77, 23.38, 23.2, 23.63, 21.26], var_scores=[19.39, 12.45, 19.03, 13.25, 16.75, 20.67, 18.41, 18.2]
Block (0, 18, 0, 1): access_freq=[26, 21, 76, 29, 7, 52, 59, 120], avg_scores=[27.09, 29.45, 28.02, 27.66, 26.47, 27.48, 27.5, 26.73], var_scores=[56.28, 41.8, 60.72, 32.8, 29.3, 28.41, 21.55, 28.25]
Block (0, 18, 1, 2): access_freq=[74, 5, 9, 15, 13, 16, 82, 176], avg_scores=[0.1, 0.66, -3.43, 6.27, 6.71, 10.4, 7.79, 7.44], var_scores=[56.57, 122.35, 93.65, 41.58, 67.3, 60.44, 51.18, 81.99]
Block (0, 18, 1, 3): access_freq=[46, 6, 59, 9, 34, 63, 16, 157], avg_scores=[4.87, 3.47, 5.09, 1.83, 8.28, 7.93, 8.27, 8.42], var_scores=[30.61, 25.94, 28.55, 28.03, 25.29, 16.66, 30.88, 29.77]
Block (0, 18, 2, 4): access_freq=[44, 27, 4, 12, 58, 20, 83, 142], avg_scores=[3.41, 4.6, 3.92, 6.03, 3.96, 5.03, 4.2, 6.8], var_scores=[38.16, 49.11, 13.86, 17.2, 31.74, 38.21, 29.06, 41.63]
Block (0, 18, 2, 5): access_freq=[69, 35, 20, 23, 33, 10, 37, 163], avg_scores=[7.07, 3.65, 6.38, 10.45, 5.99, 9.46, 9.87, 10.06], var_scores=[96.47, 65.24, 71.13, 16.28, 243.83, 45.23, 51.27, 96.57]
Block (0, 18, 3, 6): access_freq=[1, 1, 18, 7, 37, 107, 24, 195], avg_scores=[1.33, -0.33, 1.75, 0.53, 1.23, 1.37, 0.89, 8.34], var_scores=[0.0, 0.0, 1.81, 0.48, 1.43, 2.05, 2.19, 7.42]
Block (0, 18, 3, 7): access_freq=[23, 16, 26, 19, 14, 52, 77, 163], avg_scores=[3.24, 3.87, 3.89, 4.35, 2.34, 1.98, 4.67, 6.18], var_scores=[5.07, 7.59, 7.19, 3.27, 4.69, 2.42, 9.02, 12.71]
Block (0, 18, 4, 8): access_freq=[64, 31, 83, 8, 11, 38, 20, 135], avg_scores=[9.86, 8.32, 9.1, 8.46, 10.24, 8.32, 8.03, 10.54], var_scores=[22.32, 31.82, 24.69, 29.42, 21.29, 21.97, 40.23, 24.91]
Block (0, 18, 4, 9): access_freq=[38, 89, 17, 9, 5, 37, 53, 142], avg_scores=[8.77, 9.06, 11.01, 6.87, 10.62, 8.27, 8.43, 10.08], var_scores=[40.09, 46.04, 30.04, 61.11, 61.49, 37.54, 22.93, 37.33]
Block (0, 18, 5, 10): access_freq=[32, 5, 28, 2, 9, 50, 79, 185], avg_scores=[5.4, 5.44, 5.32, 1.29, 4.97, 5.63, 6.48, 10.51], var_scores=[15.88, 1.82, 8.72, 4.79, 5.95, 10.09, 6.51, 19.53]
Block (0, 18, 5, 11): access_freq=[0, 0, 0, 0, 0, 96, 99, 195], avg_scores=[0, 0, 0, 0, 0, 5.93, 6.44, 14.94], var_scores=[0, 0, 0, 0, 0, 1.07, 0.96, 5.1]
Block (0, 18, 6, 12): access_freq=[12, 3, 19, 1, 1, 85, 86, 183], avg_scores=[7.44, 10.25, 9.58, 0.84, 0.33, 8.89, 9.87, 13.58], var_scores=[50.81, 31.3, 63.52, 0.0, 0.0, 41.98, 56.71, 47.49]
Block (0, 18, 6, 13): access_freq=[51, 11, 26, 3, 9, 64, 78, 148], avg_scores=[13.4, 9.65, 13.19, 11.67, 11.61, 11.24, 9.74, 12.34], var_scores=[27.55, 25.48, 22.65, 7.11, 62.29, 24.29, 88.42, 47.21]
Block (0, 18, 7, 14): access_freq=[4, 2, 4, 4, 2, 120, 182, 72], avg_scores=[27.04, 22.5, 20.48, 14.78, 20.38, 22.79, 23.39, 24.19], var_scores=[37.6, 19.53, 44.86, 20.72, 21.25, 47.49, 38.25, 34.87]
Block (0, 18, 7, 15): access_freq=[6, 5, 2, 16, 9, 34, 156, 162], avg_scores=[12.77, 16.63, 15.9, 12.18, 15.29, 18.16, 15.5, 15.89], var_scores=[16.23, 62.54, 5.71, 14.74, 24.51, 37.9, 41.54, 17.53]
Block (0, 19, 0, 0): access_freq=[36, 10, 106, 42, 11, 85, 23, 77], avg_scores=[6.17, 6.6, 7.75, 8.56, 7.77, 8.63, 9.1, 9.17], var_scores=[7.86, 9.29, 12.58, 13.77, 25.2, 21.17, 19.37, 18.18]
Block (0, 19, 0, 1): access_freq=[61, 24, 54, 56, 39, 29, 27, 100], avg_scores=[7.89, 3.71, 6.15, 7.48, 9.0, 4.74, 7.57, 8.61], var_scores=[15.9, 19.25, 11.99, 8.62, 13.18, 17.16, 21.94, 21.46]
Block (0, 19, 1, 2): access_freq=[26, 65, 47, 5, 23, 19, 41, 164], avg_scores=[8.28, 8.32, 8.41, -5.17, 8.53, 12.52, 8.92, 10.91], var_scores=[84.38, 56.17, 183.05, 31.65, 52.73, 40.56, 47.26, 76.47]
Block (0, 19, 1, 3): access_freq=[5, 37, 58, 11, 7, 48, 66, 158], avg_scores=[7.93, 4.3, 6.32, 3.58, 8.31, 5.76, 5.1, 9.19], var_scores=[26.71, 30.74, 42.85, 35.95, 22.38, 25.89, 35.4, 33.02]
Block (0, 19, 2, 4): access_freq=[76, 4, 4, 3, 31, 46, 52, 174], avg_scores=[-8.01, -4.73, 3.79, -4.26, -9.63, -4.6, -3.79, -2.24], var_scores=[27.66, 26.18, 8.05, 17.24, 21.0, 39.53, 71.11, 56.56]
Block (0, 19, 2, 5): access_freq=[57, 56, 4, 12, 12, 24, 77, 148], avg_scores=[7.29, 6.86, 7.51, 5.63, 7.05, 5.88, 6.43, 8.48], var_scores=[29.34, 20.19, 15.53, 13.65, 8.45, 6.76, 12.22, 16.18]
Block (0, 19, 3, 6): access_freq=[34, 2, 1, 7, 4, 49, 120, 173], avg_scores=[8.81, 1.0, 6.95, 4.0, 15.29, 15.59, 9.06, 16.67], var_scores=[65.81, 28.1, 0.0, 14.08, 7.81, 42.08, 76.35, 98.43]
Block (0, 19, 3, 7): access_freq=[74, 5, 28, 17, 6, 74, 55, 131], avg_scores=[9.62, 3.0, 7.76, 3.54, 11.65, 13.9, 9.91, 13.64], var_scores=[29.14, 18.9, 26.47, 17.1, 48.99, 35.92, 40.12, 52.88]
Block (0, 19, 4, 8): access_freq=[5, 6, 33, 61, 4, 36, 102, 143], avg_scores=[14.55, 0.45, 7.36, 6.64, 11.34, 10.65, 6.3, 9.6], var_scores=[14.55, 43.54, 44.42, 50.13, 58.72, 40.34, 63.63, 62.54]
Block (0, 19, 4, 9): access_freq=[11, 42, 57, 14, 16, 47, 64, 139], avg_scores=[8.9, 4.1, 4.92, 5.06, 1.98, 5.01, 8.32, 7.8], var_scores=[41.97, 33.95, 31.75, 34.35, 30.54, 31.87, 35.56, 37.94]
Block (0, 19, 5, 10): access_freq=[31, 26, 35, 19, 26, 12, 109, 132], avg_scores=[2.25, -1.2, -2.05, -4.19, 1.17, 2.02, 4.36, 5.61], var_scores=[23.58, 36.77, 18.97, 23.36, 23.15, 34.3, 17.23, 27.4]
Block (0, 19, 5, 11): access_freq=[40, 50, 39, 29, 10, 33, 80, 109], avg_scores=[2.65, 3.97, 5.89, 5.67, 6.36, 5.77, 6.15, 6.96], var_scores=[11.22, 17.53, 17.4, 27.0, 25.12, 15.51, 22.62, 21.56]
Block (0, 19, 6, 12): access_freq=[160, 16, 25, 71, 1, 11, 6, 100], avg_scores=[2.64, -0.85, -0.18, 2.51, -0.87, 3.4, 1.31, 1.9], var_scores=[23.75, 7.65, 41.18, 21.06, 0.0, 24.81, 30.7, 29.14]
Block (0, 19, 6, 13): access_freq=[146, 26, 31, 30, 5, 15, 14, 123], avg_scores=[4.23, 2.62, 3.26, 3.22, 2.83, 2.06, 1.81, 5.33], var_scores=[24.38, 22.55, 21.62, 32.52, 18.21, 26.85, 21.36, 30.2]
Block (0, 19, 7, 14): access_freq=[158, 20, 0, 0, 0, 26, 10, 176], avg_scores=[-0.06, -2.19, 0, 0, 0, -4.38, -1.85, 4.06], var_scores=[29.68, 33.92, 0, 0, 0, 19.5, 18.07, 34.73]
Block (0, 19, 7, 15): access_freq=[75, 2, 50, 26, 3, 39, 17, 178], avg_scores=[9.23, 5.71, 13.23, 9.66, 21.46, 10.6, 2.24, 14.54], var_scores=[46.61, 0.66, 52.83, 58.35, 22.85, 45.07, 120.91, 87.61]
Block (0, 20, 0, 0): access_freq=[69, 9, 7, 5, 15, 60, 31, 194], avg_scores=[-1.79, -2.7, -2.87, -1.99, -2.17, -1.62, -1.48, 1.17], var_scores=[1.54, 0.3, 0.98, 0.69, 1.21, 1.83, 1.62, 2.28]
Block (0, 20, 0, 1): access_freq=[50, 12, 5, 5, 3, 14, 108, 193], avg_scores=[0.14, -1.14, -1.98, -0.13, -0.51, 0.28, 0.68, 4.11], var_scores=[8.29, 3.52, 2.93, 0.74, 7.09, 10.41, 13.93, 19.86]
Block (0, 20, 1, 2): access_freq=[69, 56, 46, 75, 40, 24, 19, 61], avg_scores=[8.2, 7.06, 9.2, 9.13, 10.6, 6.14, 8.95, 8.35], var_scores=[32.11, 44.42, 27.06, 27.93, 24.28, 11.8, 22.56, 21.4]
Block (0, 20, 1, 3): access_freq=[13, 9, 85, 70, 9, 28, 24, 152], avg_scores=[-8.68, -2.49, -0.2, 0.0, 3.69, 7.05, 5.57, 3.28], var_scores=[57.63, 112.88, 80.78, 80.43, 64.35, 13.41, 43.66, 83.72]
Block (0, 20, 2, 4): access_freq=[32, 12, 5, 1, 6, 8, 152, 174], avg_scores=[0.94, -5.71, -16.55, -11.27, -3.87, 6.44, 5.93, 9.4], var_scores=[56.23, 83.56, 104.41, 0.0, 305.9, 125.12, 61.52, 73.02]
Block (0, 20, 2, 5): access_freq=[38, 3, 5, 8, 14, 12, 135, 175], avg_scores=[5.09, 6.75, 6.86, 2.72, 5.64, -0.24, 4.28, 6.97], var_scores=[16.35, 0.33, 9.35, 7.11, 13.75, 11.57, 20.38, 22.75]
Block (0, 20, 3, 6): access_freq=[33, 96, 71, 41, 6, 7, 19, 117], avg_scores=[-1.85, 0.87, 0.36, 4.17, 3.36, 4.51, -0.88, 1.76], var_scores=[47.52, 73.5, 88.25, 36.62, 31.12, 53.73, 49.15, 66.97]
Block (0, 20, 3, 7): access_freq=[38, 25, 74, 4, 9, 3, 107, 130], avg_scores=[-2.15, -4.07, -1.44, 3.83, -0.77, -13.87, 0.27, 1.69], var_scores=[61.92, 50.49, 69.19, 79.48, 114.21, 152.93, 83.51, 96.48]
Block (0, 20, 4, 8): access_freq=[27, 49, 24, 42, 25, 21, 39, 163], avg_scores=[-2.29, -7.1, -0.88, 0.99, -4.25, -2.58, -0.45, 3.32], var_scores=[54.2, 31.99, 45.16, 28.26, 44.66, 71.61, 56.79, 61.21]
Block (0, 20, 4, 9): access_freq=[56, 63, 44, 35, 38, 24, 30, 100], avg_scores=[3.68, 1.44, 5.3, 0.62, 4.83, 1.69, 3.8, 2.89], var_scores=[27.12, 34.99, 24.73, 23.81, 31.92, 37.3, 41.76, 38.04]
Block (0, 20, 5, 10): access_freq=[33, 20, 18, 0, 6, 33, 89, 191], avg_scores=[1.76, 3.92, 4.02, 0, 1.52, 4.61, 4.92, 8.59], var_scores=[14.87, 5.61, 9.64, 0, 10.8, 10.94, 7.03, 14.0]
Block (0, 20, 5, 11): access_freq=[15, 15, 28, 4, 37, 36, 77, 178], avg_scores=[1.78, 2.24, 4.55, 2.26, 3.04, 4.9, 5.62, 6.81], var_scores=[7.67, 10.01, 7.49, 2.89, 19.69, 12.15, 15.29, 18.19]
Block (0, 20, 6, 12): access_freq=[66, 34, 73, 11, 4, 21, 47, 134], avg_scores=[-5.28, -7.31, 5.01, 6.48, -9.13, -3.15, -5.5, 1.35], var_scores=[74.93, 52.83, 78.96, 93.08, 49.99, 63.3, 95.51, 129.13]
Block (0, 20, 6, 13): access_freq=[98, 59, 63, 9, 42, 41, 9, 69], avg_scores=[2.46, 2.02, 10.54, 11.08, 3.78, 8.81, -2.61, 3.62], var_scores=[107.4, 36.9, 71.68, 57.41, 98.4, 67.11, 46.88, 158.58]
Block (0, 20, 7, 14): access_freq=[56, 14, 1, 16, 16, 32, 106, 149], avg_scores=[4.41, 0.11, -3.91, 4.68, 4.13, 5.05, 4.94, 6.31], var_scores=[46.83, 43.57, 0.0, 21.87, 22.49, 28.73, 24.76, 28.11]
Block (0, 20, 7, 15): access_freq=[37, 11, 7, 7, 19, 63, 96, 150], avg_scores=[5.07, 0.14, 3.17, 7.36, 6.49, 5.46, 3.28, 7.19], var_scores=[45.33, 27.25, 12.47, 15.87, 25.67, 35.66, 34.81, 43.95]
Block (0, 21, 0, 0): access_freq=[140, 58, 82, 11, 73, 1, 0, 25], avg_scores=[0.67, -3.2, -1.2, 5.1, 3.9, 14.78, 0, 1.53], var_scores=[64.48, 76.17, 62.06, 47.38, 48.9, 0.0, 0, 32.75]
Block (0, 21, 0, 1): access_freq=[12, 7, 11, 25, 54, 108, 76, 97], avg_scores=[3.71, -0.56, 2.36, 6.57, 8.93, 9.49, 11.06, 8.24], var_scores=[61.33, 45.64, 26.93, 47.46, 61.89, 53.67, 51.4, 63.09]
Block (0, 21, 1, 2): access_freq=[58, 29, 60, 1, 32, 19, 146, 45], avg_scores=[-0.8, -0.27, 0.24, 17.05, 1.37, 1.43, 2.25, 1.5], var_scores=[36.62, 37.48, 44.85, 0.0, 54.35, 24.82, 52.59, 46.53]
Block (0, 21, 1, 3): access_freq=[59, 18, 20, 6, 14, 33, 92, 148], avg_scores=[10.39, 8.03, 7.97, 8.3, 8.52, 8.48, 8.78, 10.55], var_scores=[14.84, 34.4, 26.18, 29.63, 25.66, 22.35, 24.5, 28.19]
Block (0, 21, 2, 4): access_freq=[34, 30, 13, 10, 44, 43, 70, 146], avg_scores=[3.4, 1.92, 1.72, 2.59, 2.32, 2.03, 2.32, 3.31], var_scores=[16.25, 7.16, 5.78, 3.38, 18.15, 12.45, 14.77, 12.55]
Block (0, 21, 2, 5): access_freq=[78, 9, 4, 3, 66, 65, 24, 141], avg_scores=[1.77, -4.32, 2.52, -4.52, 1.23, 4.81, -1.28, 2.0], var_scores=[30.33, 32.86, 8.95, 4.17, 39.42, 25.22, 21.82, 37.2]
Block (0, 21, 3, 6): access_freq=[140, 126, 3, 11, 5, 1, 36, 68], avg_scores=[7.37, 5.17, -1.41, 4.92, 8.13, 8.89, 7.2, 8.95], var_scores=[94.63, 94.47, 60.54, 107.16, 59.25, 0.0, 68.14, 63.97]
Block (0, 21, 3, 7): access_freq=[164, 98, 3, 1, 45, 4, 71, 4], avg_scores=[2.27, -3.2, 19.03, 14.51, 5.1, 1.82, 4.83, 5.59], var_scores=[72.77, 44.87, 28.98, 0.0, 102.74, 46.76, 80.7, 2.41]
Block (0, 21, 4, 8): access_freq=[146, 16, 49, 2, 0, 92, 58, 27], avg_scores=[8.01, 6.86, 4.47, 7.27, 0, 8.48, 6.68, 10.29], var_scores=[22.78, 17.12, 22.56, 5.72, 0, 29.1, 18.66, 20.41]
Block (0, 21, 4, 9): access_freq=[15, 34, 54, 117, 27, 32, 23, 88], avg_scores=[-1.98, -4.86, -4.42, -3.74, -4.44, -9.41, -7.41, -5.26], var_scores=[82.99, 98.87, 77.91, 93.62, 65.82, 126.38, 37.62, 77.73]
Block (0, 21, 5, 10): access_freq=[149, 1, 3, 3, 2, 8, 35, 189], avg_scores=[0.51, -2.5, -2.1, -1.45, -2.86, -0.02, -0.95, 5.9], var_scores=[4.56, 0.0, 1.31, 3.68, 1.3, 1.41, 3.71, 23.56]
Block (0, 21, 5, 11): access_freq=[128, 3, 1, 0, 2, 7, 62, 187], avg_scores=[1.88, -0.67, -1.62, 0, -0.05, 0.65, 1.43, 2.83], var_scores=[2.98, 0.29, 0.0, 0, 0.09, 2.41, 1.32, 5.96]
Block (0, 21, 6, 12): access_freq=[167, 112, 38, 14, 13, 6, 3, 37], avg_scores=[-7.7, -7.21, -12.3, -11.71, -14.02, -1.91, -3.55, -13.23], var_scores=[125.44, 132.23, 96.36, 99.05, 136.36, 76.69, 4.68, 111.1]
Block (0, 21, 6, 13): access_freq=[20, 28, 59, 5, 1, 91, 35, 151], avg_scores=[-10.32, -6.39, -0.93, -2.29, 3.95, 3.21, 1.35, 2.67], var_scores=[96.97, 129.19, 67.47, 34.16, 0.0, 43.81, 56.66, 49.64]
Block (0, 21, 7, 14): access_freq=[78, 77, 28, 17, 54, 6, 76, 54], avg_scores=[4.38, 6.38, -1.83, -1.12, 4.13, 2.18, 5.03, 2.32], var_scores=[40.56, 37.3, 64.86, 27.44, 50.64, 25.37, 38.01, 59.2]
Block (0, 21, 7, 15): access_freq=[98, 57, 18, 72, 10, 9, 67, 59], avg_scores=[-2.58, -0.33, -4.48, -4.6, -0.31, 0.84, 1.49, -1.14], var_scores=[30.8, 44.81, 27.25, 30.49, 34.6, 13.66, 27.99, 33.18]
Block (0, 22, 0, 0): access_freq=[179, 32, 173, 1, 4, 1, 0, 0], avg_scores=[9.51, 5.41, 9.89, 10.61, 2.49, 6.14, 0, 0], var_scores=[16.77, 11.23, 15.4, 0.0, 2.81, 0.0, 0, 0]
Block (0, 22, 0, 1): access_freq=[153, 38, 74, 3, 23, 25, 10, 64], avg_scores=[8.61, 4.16, 5.54, 1.28, 7.75, 4.29, -1.27, 7.83], var_scores=[32.98, 23.47, 19.68, 23.1, 34.04, 25.64, 31.25, 19.68]
Block (0, 22, 1, 2): access_freq=[25, 9, 22, 22, 87, 44, 30, 151], avg_scores=[3.21, 0.96, 5.75, 6.05, 4.91, 5.05, 6.08, 6.82], var_scores=[7.58, 3.17, 3.23, 8.55, 10.72, 10.01, 7.6, 15.6]
Block (0, 22, 1, 3): access_freq=[191, 28, 55, 38, 18, 6, 1, 53], avg_scores=[-1.86, -6.91, -4.26, -8.19, -1.88, -9.37, 10.47, -8.52], var_scores=[45.94, 32.41, 31.74, 32.39, 23.17, 3.9, 0.0, 39.87]
Block (0, 22, 2, 4): access_freq=[140, 90, 70, 7, 6, 11, 23, 43], avg_scores=[-0.99, -5.23, -2.24, -5.5, -13.04, -1.63, -5.64, -4.92], var_scores=[69.88, 50.3, 64.71, 7.39, 96.42, 74.89, 68.31, 54.31]
Block (0, 22, 2, 5): access_freq=[83, 62, 35, 10, 9, 17, 44, 130], avg_scores=[-3.17, -8.52, 2.91, 4.26, -0.66, 10.05, 3.42, 6.67], var_scores=[136.28, 81.1, 108.83, 73.51, 137.6, 14.41, 42.3, 58.87]
Block (0, 22, 3, 6): access_freq=[100, 83, 68, 9, 1, 21, 3, 105], avg_scores=[2.05, 2.02, 1.11, -0.22, 0.58, 1.09, 0.63, 4.37], var_scores=[7.15, 6.5, 5.59, 2.36, 0.0, 3.82, 3.13, 12.69]
Block (0, 22, 3, 7): access_freq=[69, 128, 29, 5, 13, 3, 6, 137], avg_scores=[3.8, 4.61, 2.06, 3.12, 2.25, -1.41, 4.34, 7.85], var_scores=[9.42, 7.13, 9.05, 0.34, 11.59, 6.17, 10.18, 22.91]
Block (0, 22, 4, 8): access_freq=[58, 75, 44, 12, 4, 18, 31, 148], avg_scores=[9.87, 8.96, 6.06, 4.19, 9.25, 7.1, 6.93, 9.76], var_scores=[16.73, 28.02, 28.58, 71.57, 13.23, 14.66, 17.64, 28.9]
Block (0, 22, 4, 9): access_freq=[82, 27, 32, 46, 23, 17, 91, 72], avg_scores=[-0.77, -3.98, -1.69, 0.97, -2.76, -3.36, -4.14, -6.0], var_scores=[72.75, 68.02, 116.66, 107.39, 79.93, 50.56, 67.95, 62.35]
Block (0, 22, 5, 10): access_freq=[97, 47, 28, 3, 0, 10, 57, 148], avg_scores=[-11.56, -12.5, -10.44, -11.73, 0, -14.11, -15.47, -11.09], var_scores=[74.8, 85.64, 63.31, 8.43, 0, 18.2, 40.41, 63.68]
Block (0, 22, 5, 11): access_freq=[79, 25, 19, 3, 19, 116, 10, 119], avg_scores=[9.27, 6.81, 10.03, 10.63, 9.95, 12.46, 8.42, 12.17], var_scores=[20.29, 30.01, 18.57, 13.54, 31.09, 36.52, 35.06, 41.33]
Block (0, 22, 6, 12): access_freq=[115, 12, 45, 0, 1, 11, 46, 160], avg_scores=[-9.27, -10.59, -7.45, 0, -6.03, -7.13, -11.96, -6.6], var_scores=[54.13, 23.68, 35.39, 0, 0.0, 36.08, 26.75, 38.36]
Block (0, 22, 6, 13): access_freq=[13, 20, 18, 7, 1, 117, 116, 98], avg_scores=[9.53, 8.67, 8.73, 10.7, 6.75, 11.27, 10.35, 9.51], var_scores=[8.68, 14.51, 7.34, 6.65, 0.0, 13.45, 18.93, 13.09]
Block (0, 22, 7, 14): access_freq=[85, 35, 2, 0, 2, 12, 126, 128], avg_scores=[1.67, 1.06, 2.45, 0, 0.37, 1.37, 2.99, 2.24], var_scores=[2.11, 2.64, 0.05, 0, 0.48, 1.6, 3.76, 3.44]
Block (0, 22, 7, 15): access_freq=[68, 11, 4, 1, 6, 4, 119, 177], avg_scores=[2.98, 1.48, 1.85, -1.66, -0.5, -0.71, 3.61, 4.54], var_scores=[4.72, 5.96, 1.97, 0.0, 1.44, 1.08, 4.17, 6.23]
Block (0, 23, 0, 0): access_freq=[29, 28, 77, 4, 0, 4, 62, 186], avg_scores=[0.4, 0.65, 1.1, -2.6, 0, 0.15, 1.08, 4.46], var_scores=[3.43, 2.1, 4.92, 1.0, 0, 3.31, 5.06, 10.42]
Block (0, 23, 0, 1): access_freq=[35, 7, 27, 0, 1, 1, 124, 195], avg_scores=[-0.74, -0.72, -0.57, 0, -1.72, -2.38, 0.55, 5.28], var_scores=[1.7, 0.82, 2.76, 0, 0.0, 0.0, 3.98, 6.5]
Block (0, 23, 1, 2): access_freq=[42, 31, 24, 1, 1, 35, 112, 144], avg_scores=[9.76, 5.04, 8.24, 16.04, 4.99, 10.87, 24.84, 24.48], var_scores=[75.01, 124.26, 165.4, 0.0, 0.0, 109.72, 244.8, 214.06]
Block (0, 23, 1, 3): access_freq=[62, 55, 57, 8, 5, 40, 89, 74], avg_scores=[13.73, 7.81, 8.75, 12.41, 9.61, 8.83, 6.67, 6.06], var_scores=[141.85, 187.57, 53.13, 42.67, 11.85, 69.01, 85.73, 61.45]
Block (0, 23, 2, 4): access_freq=[34, 69, 11, 7, 22, 73, 42, 132], avg_scores=[8.86, 7.09, 9.03, 7.53, 5.44, 6.21, 6.3, 7.82], var_scores=[36.33, 61.39, 56.32, 100.27, 41.11, 55.4, 57.7, 51.09]
Block (0, 23, 2, 5): access_freq=[74, 101, 21, 9, 24, 22, 28, 111], avg_scores=[8.97, 8.53, 8.63, 8.45, 6.19, 9.81, 8.08, 9.96], var_scores=[22.28, 17.91, 16.18, 27.35, 18.38, 20.62, 14.42, 21.79]
Block (0, 23, 3, 6): access_freq=[40, 7, 16, 1, 11, 55, 98, 162], avg_scores=[0.29, 1.18, 1.15, -1.04, 2.21, 1.39, 2.54, 2.86], var_scores=[16.11, 4.96, 5.77, 0.0, 12.07, 13.36, 18.36, 18.76]
Block (0, 23, 3, 7): access_freq=[71, 16, 41, 1, 4, 52, 85, 120], avg_scores=[6.01, 1.2, 5.64, 2.64, 3.95, 4.38, 5.37, 5.8], var_scores=[18.99, 19.97, 14.36, 0.0, 0.49, 24.61, 13.2, 21.44]
Block (0, 23, 4, 8): access_freq=[152, 51, 13, 36, 31, 2, 63, 42], avg_scores=[4.11, 0.55, -0.1, 4.35, 3.89, -11.87, 2.98, -0.53], var_scores=[37.44, 44.95, 45.37, 17.36, 57.89, 20.98, 39.12, 34.05]
Block (0, 23, 4, 9): access_freq=[2, 5, 7, 25, 50, 99, 112, 90], avg_scores=[-0.17, -0.44, 11.57, 11.45, 14.0, 10.63, 12.02, 9.59], var_scores=[1.86, 20.66, 15.76, 5.35, 15.36, 29.09, 28.17, 33.78]
Block (0, 23, 5, 10): access_freq=[77, 38, 155, 5, 6, 65, 26, 18], avg_scores=[-2.76, -3.61, -0.59, -8.02, -5.87, 1.35, -0.44, -5.8], var_scores=[19.76, 42.48, 28.88, 6.15, 16.56, 28.1, 40.49, 24.44]
Block (0, 23, 5, 11): access_freq=[21, 17, 4, 9, 28, 34, 123, 154], avg_scores=[5.69, 3.39, 11.31, 6.3, 7.23, 2.66, 0.6, 3.21], var_scores=[42.12, 21.79, 69.6, 75.02, 31.09, 104.73, 92.98, 102.08]
Block (0, 23, 6, 12): access_freq=[54, 40, 28, 20, 42, 136, 60, 10], avg_scores=[5.91, 3.86, 5.24, 3.41, 6.61, 8.78, 6.51, 5.99], var_scores=[32.92, 53.75, 27.78, 28.85, 39.07, 36.15, 41.45, 11.15]
Block (0, 23, 6, 13): access_freq=[10, 48, 2, 23, 129, 105, 73, 0], avg_scores=[-14.4, -7.95, -8.14, -8.01, -4.69, -4.3, -3.61, 0], var_scores=[26.4, 62.94, 305.5, 66.23, 58.3, 54.91, 40.08, 0]
Block (0, 23, 7, 14): access_freq=[161, 26, 50, 10, 17, 72, 18, 36], avg_scores=[2.97, -0.31, 0.66, -0.09, 3.24, 2.49, 1.73, 2.86], var_scores=[24.24, 20.59, 27.1, 25.25, 22.28, 15.02, 19.9, 15.66]
Block (0, 23, 7, 15): access_freq=[61, 5, 21, 9, 31, 109, 50, 104], avg_scores=[5.39, 5.79, 5.4, 5.59, 4.87, 7.43, 4.94, 7.6], var_scores=[15.9, 25.12, 20.9, 15.95, 15.69, 20.13, 13.46, 18.46]
Block (0, 24, 0, 0): access_freq=[113, 14, 35, 114, 32, 66, 8, 8], avg_scores=[8.26, 5.72, 6.74, 9.85, 5.16, 4.76, 3.45, 6.21], var_scores=[72.54, 68.03, 95.41, 66.67, 101.78, 37.81, 76.34, 54.79]
Block (0, 24, 0, 1): access_freq=[80, 16, 146, 48, 27, 17, 3, 53], avg_scores=[6.1, 2.08, 6.14, 0.26, 6.3, 6.01, 4.37, 4.87], var_scores=[46.79, 20.74, 75.02, 91.73, 60.47, 51.98, 26.95, 73.02]
Block (0, 24, 1, 2): access_freq=[32, 91, 76, 59, 85, 39, 1, 7], avg_scores=[0.34, 0.75, 1.65, 1.38, 2.64, 2.69, 1.63, 5.37], var_scores=[88.85, 58.41, 40.92, 63.41, 52.31, 35.36, 0.0, 159.78]
Block (0, 24, 1, 3): access_freq=[10, 8, 15, 90, 87, 47, 38, 95], avg_scores=[9.73, 12.2, 15.97, 13.92, 18.2, 19.16, 16.42, 18.75], var_scores=[47.71, 24.63, 41.13, 49.25, 66.7, 35.12, 45.61, 70.94]
Block (0, 24, 2, 4): access_freq=[42, 22, 10, 21, 23, 56, 75, 141], avg_scores=[0.43, -0.68, 0.25, 1.81, 1.72, 4.02, 3.83, 6.32], var_scores=[17.87, 46.16, 24.13, 11.97, 28.22, 16.16, 17.83, 18.23]
Block (0, 24, 2, 5): access_freq=[101, 40, 13, 24, 4, 27, 83, 98], avg_scores=[3.98, 2.63, 2.41, 1.36, -2.9, 2.98, 4.16, 4.33], var_scores=[15.73, 15.41, 6.93, 14.9, 2.12, 8.33, 13.72, 13.31]
Block (0, 24, 3, 6): access_freq=[9, 16, 24, 34, 27, 110, 138, 32], avg_scores=[0.87, -0.03, -1.27, -0.71, -0.05, 0.45, 0.16, -2.26], var_scores=[1.11, 21.49, 8.84, 11.94, 7.66, 7.58, 12.29, 6.65]
Block (0, 24, 3, 7): access_freq=[56, 17, 22, 20, 43, 80, 85, 67], avg_scores=[2.96, 2.91, 2.44, -0.87, 0.91, 0.12, 0.59, 1.76], var_scores=[20.62, 9.97, 19.72, 23.89, 13.3, 21.54, 17.28, 26.54]
Block (0, 24, 4, 8): access_freq=[121, 38, 15, 1, 103, 24, 66, 22], avg_scores=[27.35, 19.79, 25.59, 22.45, 28.59, 27.87, 24.94, 24.81], var_scores=[95.61, 60.7, 46.16, 0.0, 59.97, 57.3, 51.27, 36.64]
Block (0, 24, 4, 9): access_freq=[116, 67, 40, 7, 5, 31, 3, 121], avg_scores=[23.51, 17.88, 21.9, 14.77, 22.43, 24.54, 18.46, 27.74], var_scores=[76.51, 36.93, 62.76, 99.66, 67.13, 45.92, 2.01, 69.15]
Block (0, 24, 5, 10): access_freq=[100, 100, 14, 11, 67, 21, 64, 13], avg_scores=[16.86, 17.41, 16.94, 20.82, 23.75, 18.62, 22.81, 19.48], var_scores=[105.48, 87.28, 33.13, 49.65, 60.98, 68.41, 44.17, 54.87]
Block (0, 24, 5, 11): access_freq=[68, 26, 20, 10, 27, 101, 6, 132], avg_scores=[16.83, 9.18, 12.63, 18.36, 26.38, 21.28, 18.84, 23.92], var_scores=[71.88, 72.38, 52.86, 16.04, 70.7, 50.69, 45.32, 53.54]
Block (0, 24, 6, 12): access_freq=[103, 125, 2, 1, 73, 23, 18, 45], avg_scores=[2.02, 2.69, 1.97, -2.1, 3.37, -0.01, -0.39, 1.75], var_scores=[14.66, 19.89, 9.88, 0.0, 16.36, 18.25, 11.85, 13.49]
Block (0, 24, 6, 13): access_freq=[11, 0, 1, 0, 9, 60, 115, 194], avg_scores=[-5.39, 0, -8.2, 0, -0.29, -0.88, 0.9, 6.43], var_scores=[15.68, 0, 0.0, 0, 9.0, 10.9, 14.42, 27.91]
Block (0, 24, 7, 14): access_freq=[1, 4, 4, 11, 3, 10, 173, 184], avg_scores=[22.77, 29.81, 22.55, 28.03, 25.2, 32.07, 33.34, 35.6], var_scores=[0.0, 15.9, 23.79, 119.73, 206.46, 155.83, 80.93, 88.33]
Block (0, 24, 7, 15): access_freq=[74, 39, 11, 64, 108, 24, 8, 62], avg_scores=[-18.85, -19.31, -18.65, -21.4, -17.36, -10.23, -2.61, -15.85], var_scores=[148.37, 173.22, 126.0, 154.47, 178.67, 302.64, 367.79, 258.24]
Block (0, 25, 0, 0): access_freq=[11, 27, 4, 7, 6, 39, 138, 158], avg_scores=[8.2, 6.41, 8.85, 8.93, 4.88, 6.71, 5.35, 6.5], var_scores=[22.24, 25.63, 24.99, 32.97, 17.95, 30.83, 32.15, 35.73]
Block (0, 25, 0, 1): access_freq=[122, 3, 20, 2, 6, 32, 115, 90], avg_scores=[6.62, 6.17, 3.6, 3.34, 2.3, 4.71, 5.66, 6.27], var_scores=[23.99, 9.92, 32.89, 33.06, 15.15, 34.21, 26.27, 25.18]
Block (0, 25, 1, 2): access_freq=[20, 7, 14, 0, 5, 22, 142, 180], avg_scores=[0.22, -0.26, 1.15, 0, -1.61, 0.93, 1.65, 2.93], var_scores=[5.36, 3.42, 2.96, 0, 5.37, 5.21, 7.33, 10.05]
Block (0, 25, 1, 3): access_freq=[39, 51, 72, 2, 0, 2, 45, 179], avg_scores=[1.12, 1.45, 1.88, -1.53, 0, 1.24, 0.41, 2.97], var_scores=[7.24, 4.79, 8.04, 1.51, 0, 0.38, 4.75, 6.79]
Block (0, 25, 2, 4): access_freq=[100, 38, 94, 6, 3, 71, 70, 8], avg_scores=[6.09, 4.12, 4.22, 3.44, -0.68, 5.55, 5.52, 3.23], var_scores=[22.89, 18.82, 14.4, 45.52, 12.65, 15.2, 15.88, 8.74]
Block (0, 25, 2, 5): access_freq=[103, 134, 66, 2, 3, 55, 6, 21], avg_scores=[3.14, 2.98, -0.38, 0.91, 2.84, -0.53, -3.74, -2.66], var_scores=[57.2, 55.83, 52.49, 1.43, 8.15, 23.89, 14.13, 18.74]
Block (0, 25, 3, 6): access_freq=[28, 19, 1, 42, 126, 107, 24, 43], avg_scores=[13.58, 13.39, 17.44, 15.74, 15.43, 16.23, 14.83, 14.2], var_scores=[34.07, 48.07, 0.0, 25.11, 26.37, 29.23, 27.44, 33.23]
Block (0, 25, 3, 7): access_freq=[64, 51, 69, 86, 43, 22, 2, 53], avg_scores=[10.48, 3.6, 8.0, 5.99, 8.64, 11.91, 8.56, 8.35], var_scores=[127.34, 67.52, 60.44, 94.19, 137.16, 68.39, 0.7, 117.18]
Block (0, 25, 4, 8): access_freq=[114, 41, 73, 26, 36, 21, 24, 55], avg_scores=[9.18, 4.27, 5.84, 4.14, 6.41, 7.1, 7.97, 6.64], var_scores=[109.97, 54.7, 66.76, 46.84, 92.75, 67.98, 126.92, 45.77]
Block (0, 25, 4, 9): access_freq=[68, 31, 121, 21, 71, 23, 1, 54], avg_scores=[-3.56, -2.48, 0.5, 0.19, 3.05, 1.76, 5.37, -0.7], var_scores=[95.12, 125.0, 84.28, 26.67, 58.45, 34.34, 0.0, 119.52]
Block (0, 25, 5, 10): access_freq=[81, 66, 34, 66, 85, 49, 2, 7], avg_scores=[4.14, 0.74, -2.85, -0.65, -1.31, -3.78, 1.87, -11.09], var_scores=[144.37, 114.7, 103.89, 43.53, 44.89, 55.08, 88.38, 7.26]
Block (0, 25, 5, 11): access_freq=[93, 73, 37, 71, 84, 15, 4, 13], avg_scores=[6.18, 4.55, 2.69, 1.61, 4.12, 0.14, 3.18, 2.39], var_scores=[104.13, 81.35, 100.37, 31.63, 38.95, 34.14, 140.85, 73.1]
Block (0, 25, 6, 12): access_freq=[94, 21, 7, 1, 10, 48, 104, 105], avg_scores=[0.44, 0.84, -3.04, -12.2, -1.45, 0.86, -0.23, 2.04], var_scores=[24.06, 25.9, 14.01, 0.0, 6.36, 19.14, 18.65, 16.83]
Block (0, 25, 6, 13): access_freq=[110, 5, 9, 6, 19, 26, 96, 119], avg_scores=[0.98, -2.27, 2.38, 1.62, -0.46, -0.45, -0.92, 0.75], var_scores=[25.13, 6.35, 47.64, 13.34, 11.96, 15.01, 24.41, 20.24]
Block (0, 25, 7, 14): access_freq=[147, 37, 14, 105, 18, 30, 29, 10], avg_scores=[4.71, 0.7, 9.07, 7.87, 2.7, -0.97, -2.88, 4.08], var_scores=[194.68, 117.77, 348.81, 160.39, 137.24, 154.73, 137.02, 137.28]
Block (0, 25, 7, 15): access_freq=[124, 25, 26, 70, 35, 20, 26, 64], avg_scores=[-23.05, -27.29, -12.8, -20.32, -22.46, -12.19, -22.69, -14.08], var_scores=[141.98, 216.05, 263.57, 212.26, 205.83, 138.06, 257.22, 251.18]
Block (0, 26, 0, 0): access_freq=[139, 89, 36, 0, 1, 55, 7, 63], avg_scores=[-2.8, -4.74, -2.92, 0, -28.36, -4.9, -2.13, -9.24], var_scores=[184.53, 160.97, 169.44, 0, 0.0, 66.84, 81.95, 80.59]
Block (0, 26, 0, 1): access_freq=[159, 107, 32, 9, 4, 10, 16, 53], avg_scores=[21.3, 19.12, 17.06, 15.16, 24.65, 15.23, 13.69, 16.14], var_scores=[50.34, 42.96, 29.85, 15.79, 37.42, 60.14, 30.1, 40.81]
Block (0, 26, 1, 2): access_freq=[78, 24, 24, 2, 2, 50, 91, 119], avg_scores=[-0.46, -3.9, -2.04, -3.1, -6.73, 4.07, 0.08, 2.28], var_scores=[36.97, 63.47, 72.3, 83.34, 97.4, 52.55, 48.28, 66.35]
Block (0, 26, 1, 3): access_freq=[65, 26, 2, 1, 9, 66, 75, 146], avg_scores=[-2.73, -6.65, -7.25, 1.45, 5.87, 5.73, 4.75, 6.57], var_scores=[42.99, 41.08, 0.03, 0.0, 113.29, 84.31, 89.17, 104.63]
Block (0, 26, 2, 4): access_freq=[24, 25, 22, 6, 11, 96, 78, 128], avg_scores=[1.58, 7.69, 4.76, 11.05, 14.24, 18.38, 23.95, 17.86], var_scores=[246.23, 153.54, 285.67, 86.59, 232.13, 183.73, 93.7, 181.77]
Block (0, 26, 2, 5): access_freq=[24, 125, 15, 16, 5, 41, 27, 137], avg_scores=[13.61, 20.05, 18.19, 15.38, 27.74, 20.47, 19.12, 21.45], var_scores=[72.01, 51.59, 90.97, 35.16, 41.06, 53.53, 30.2, 63.02]
Block (0, 26, 3, 6): access_freq=[79, 47, 36, 24, 22, 19, 67, 96], avg_scores=[-6.29, -6.32, -15.06, -18.97, -8.0, -12.78, -7.76, -7.98], var_scores=[241.14, 235.43, 136.61, 182.26, 241.54, 187.3, 126.23, 195.46]
Block (0, 26, 3, 7): access_freq=[56, 37, 9, 23, 9, 19, 101, 136], avg_scores=[0.32, -6.59, 5.22, -16.38, -8.81, -4.11, -7.13, -6.73], var_scores=[183.99, 150.66, 94.32, 112.2, 107.07, 121.86, 124.18, 137.94]
Block (0, 26, 4, 8): access_freq=[129, 80, 0, 0, 7, 14, 25, 135], avg_scores=[-0.12, -1.68, 0, 0, -1.9, 2.77, 1.02, 2.9], var_scores=[20.4, 21.38, 0, 0, 15.02, 75.92, 33.2, 43.93]
Block (0, 26, 4, 9): access_freq=[59, 54, 79, 2, 7, 68, 38, 83], avg_scores=[1.22, 3.16, 3.6, -2.36, 5.83, 3.72, 2.46, 6.31], var_scores=[20.63, 28.88, 18.26, 14.15, 30.51, 29.08, 34.13, 20.6]
Block (0, 26, 5, 10): access_freq=[166, 47, 25, 2, 5, 9, 32, 104], avg_scores=[8.39, 4.52, 6.6, 8.74, 2.99, 10.2, 1.56, 5.99], var_scores=[39.91, 36.51, 32.22, 71.03, 3.85, 26.97, 27.38, 44.63]
Block (0, 26, 5, 11): access_freq=[144, 39, 19, 5, 23, 2, 56, 102], avg_scores=[0.96, -6.55, 6.38, 3.49, 3.81, 5.53, -6.36, -4.57], var_scores=[88.45, 82.66, 29.84, 3.01, 51.04, 2.57, 38.37, 60.18]
Block (0, 26, 6, 12): access_freq=[69, 40, 37, 13, 47, 57, 23, 104], avg_scores=[9.34, 11.91, 7.19, 0.7, 7.86, 8.9, 6.48, 8.8], var_scores=[74.5, 76.36, 73.58, 62.69, 50.28, 42.42, 47.2, 52.33]
Block (0, 26, 6, 13): access_freq=[114, 55, 3, 42, 4, 31, 47, 94], avg_scores=[8.96, 7.81, 10.27, 6.81, 7.01, 6.57, 7.76, 8.6], var_scores=[22.05, 21.22, 5.2, 11.56, 34.81, 30.79, 16.37, 21.6]
Block (0, 26, 7, 14): access_freq=[46, 37, 14, 9, 11, 92, 60, 121], avg_scores=[0.28, 0.7, 1.79, 1.1, -3.8, 2.61, 1.11, 2.62], var_scores=[31.25, 21.02, 9.33, 12.05, 22.37, 18.87, 26.05, 26.14]
Block (0, 26, 7, 15): access_freq=[89, 121, 17, 8, 54, 13, 40, 48], avg_scores=[2.21, -1.59, -7.63, -8.14, -3.8, 2.63, 5.6, 4.5], var_scores=[54.56, 41.36, 21.55, 20.92, 39.61, 74.46, 35.12, 45.04]
Block (0, 27, 0, 0): access_freq=[0, 13, 0, 5, 113, 98, 21, 140], avg_scores=[0, 10.86, 0, 23.71, 22.8, 22.17, 22.41, 26.76], var_scores=[0, 112.23, 0, 9.94, 84.53, 108.13, 39.59, 74.97]
Block (0, 27, 0, 1): access_freq=[2, 69, 8, 96, 15, 22, 35, 143], avg_scores=[11.17, 26.75, 17.94, 25.81, 17.42, 25.51, 25.5, 29.15], var_scores=[21.44, 52.96, 53.25, 43.02, 40.46, 41.71, 31.09, 39.84]
Block (0, 27, 1, 2): access_freq=[18, 0, 0, 1, 0, 43, 148, 180], avg_scores=[3.39, 0, 0, 0.37, 0, 15.36, 13.72, 20.26], var_scores=[11.93, 0, 0, 0.0, 0, 14.27, 30.93, 35.97]
Block (0, 27, 1, 3): access_freq=[17, 4, 0, 7, 2, 124, 56, 180], avg_scores=[1.87, -1.02, 0, 3.27, 4.83, 15.02, 11.91, 16.49], var_scores=[8.4, 16.76, 0, 10.39, 2.66, 12.74, 27.02, 24.25]
Block (0, 27, 2, 4): access_freq=[58, 42, 37, 5, 2, 11, 127, 108], avg_scores=[24.52, 25.09, 21.68, 6.16, 9.05, 21.54, 25.73, 26.17], var_scores=[85.41, 42.74, 64.0, 25.57, 5.97, 74.62, 86.51, 87.46]
Block (0, 27, 2, 5): access_freq=[69, 19, 46, 13, 29, 0, 66, 148], avg_scores=[13.19, 14.38, 10.23, 7.49, 7.58, 0, 16.83, 17.7], var_scores=[116.43, 37.61, 86.67, 58.01, 162.77, 0, 87.76, 107.46]
Block (0, 27, 3, 6): access_freq=[61, 118, 3, 13, 9, 24, 50, 112], avg_scores=[6.24, 15.24, -1.45, 10.51, 24.67, 15.3, 19.76, 17.66], var_scores=[140.29, 112.64, 32.98, 137.2, 52.91, 94.54, 85.11, 119.86]
Block (0, 27, 3, 7): access_freq=[31, 44, 1, 0, 3, 17, 140, 154], avg_scores=[4.78, 6.53, 20.64, 0, 25.73, 6.93, 21.29, 20.95], var_scores=[87.6, 110.35, 0.0, 0, 74.97, 21.44, 176.69, 176.36]
Block (0, 27, 4, 8): access_freq=[116, 149, 20, 1, 5, 8, 21, 70], avg_scores=[28.29, 28.39, 17.21, 9.29, 29.01, 29.17, 22.97, 29.1], var_scores=[42.48, 67.67, 79.32, 0.0, 14.62, 109.43, 65.56, 47.72]
Block (0, 27, 4, 9): access_freq=[51, 23, 2, 0, 4, 14, 109, 187], avg_scores=[21.55, 16.81, 1.03, 0, 17.99, 18.73, 26.3, 29.12], var_scores=[71.2, 118.77, 22.06, 0, 181.99, 14.96, 55.33, 76.91]
Block (0, 27, 5, 10): access_freq=[3, 18, 1, 5, 4, 10, 168, 181], avg_scores=[6.8, 3.14, -2.94, 10.36, 19.6, 19.73, 25.55, 26.31], var_scores=[11.84, 66.14, 0.0, 6.22, 23.77, 13.23, 78.32, 120.43]
Block (0, 27, 5, 11): access_freq=[28, 13, 0, 4, 2, 4, 153, 186], avg_scores=[11.38, 14.28, 0, 4.39, 1.75, 10.56, 20.78, 25.18], var_scores=[140.01, 57.04, 0, 38.8, 0.12, 33.3, 78.11, 141.77]
Block (0, 27, 6, 12): access_freq=[64, 41, 20, 8, 85, 53, 8, 111], avg_scores=[11.91, 13.26, 2.12, 9.71, 20.53, 18.01, 17.36, 20.2], var_scores=[90.52, 124.52, 35.76, 98.87, 32.72, 40.08, 86.09, 27.42]
Block (0, 27, 6, 13): access_freq=[114, 8, 5, 22, 88, 23, 4, 126], avg_scores=[2.16, 3.78, 4.02, 1.16, 2.66, -1.76, 3.12, 1.98], var_scores=[19.02, 18.05, 22.04, 21.31, 19.05, 27.38, 21.01, 21.56]
Block (0, 27, 7, 14): access_freq=[6, 1, 4, 1, 3, 24, 167, 184], avg_scores=[6.38, 3.8, 1.14, 12.05, 4.69, 8.91, 13.84, 14.1], var_scores=[15.97, 0.0, 3.78, 0.0, 37.01, 34.0, 14.92, 20.05]
Block (0, 27, 7, 15): access_freq=[20, 2, 20, 4, 1, 29, 143, 171], avg_scores=[3.09, 6.86, 4.25, 8.73, 11.09, 6.59, 11.95, 11.43], var_scores=[11.38, 0.05, 19.13, 11.87, 0.0, 18.88, 12.16, 18.77]
